0 0.302 0.161676646484375 0.272 0.13173652734375 0.234 0.1467065859375 0.228 0.152694611328125 0.232 0.18862275390625 0.294 0.17664670703125 0.302 0.161676646484375
0 0.552 0.8532934140625 0.574 0.85628742578125 0.56 0.7634730546875 0.574 0.742514970703125 0.572 0.712574849609375 0.56 0.6856287421875 0.562 0.658682634765625 0.528 0.67664670703125 0.518 0.700598802734375 0.516 0.718562875 0.536 0.7634730546875 0.538 0.808383234375 0.552 0.8532934140625
0 0.692 0.09880239453125 0.648 0.09281437109375 0.65 0.13173652734375 0.632 0.1407185625 0.706 0.128742515625 0.692 0.09880239453125
0 0.78 0.9041916171875 0.812 0.99700598828125 0.934 0.99700598828125 0.874 0.76646706640625 0.75 0.81137724609375 0.752 0.85628742578125 0.766 0.87425149609375 0.768 0.9041916171875 0.78 0.9041916171875
0 0.49 0.742514970703125 0.492 0.694610779296875 0.486 0.667664669921875 0.462 0.649700599609375 0.456 0.652694611328125 0.458 0.712574849609375 0.478 0.77245508984375 0.49 0.742514970703125
0 0.524 0.90119760546875 0.386 0.949101796875 0.39 0.99700598828125 0.542 0.99700598828125 0.544 0.985029939453125 0.524 0.90119760546875
0 0.948 0.99700598828125 0.998 0.99700598828125 0.998 0.793413173828125 0.882 0.718562875 0.876 0.718562875 0.878 0.760479041015625 0.938 0.985029939453125 0.948 0.99700598828125
0 0.44 0.700598802734375 0.422 0.604790419921875 0.404 0.58682634765625 0.384 0.589820359375 0.372 0.604790419921875 0.368 0.652694611328125 0.38 0.697604791015625 0.418 0.712574849609375 0.44 0.700598802734375
0 0.252 0.341317365234375 0.252 0.27844311328125 0.24 0.251497005859375 0.244 0.22155688671875 0.236 0.203592814453125 0.262 0.18263473046875 0.292 0.17964071875 0.302 0.155688623046875 0.274 0.13173652734375 0.228 0.152694611328125 0.22 0.218562875 0.224 0.290419162109375 0.24 0.335329341796875 0.252 0.341317365234375
0 0.282 0.41916167578125 0.32 0.40119760546875 0.33 0.434131736328125 0.352 0.46407185546875 0.384 0.449101796875 0.38 0.287425150390625 0.372 0.257485029296875 0.358 0.2365269453125 0.324 0.23353293359375 0.31 0.242514970703125 0.282 0.293413173828125 0.282 0.308383234375 0.296 0.3143712578125 0.274 0.36227544921875 0.282 0.41916167578125
0 0.864 0.68862275390625 0.828 0.59281437109375 0.828 0.619760478515625 0.862 0.751497005859375 0.87 0.751497005859375 0.864 0.68862275390625
0 0.474 0.892215568359375 0.474 0.87425149609375 0.454 0.85628742578125 0.456 0.838323353515625 0.43 0.838323353515625 0.406 0.85628742578125 0.402 0.841317365234375 0.396 0.8532934140625 0.41 0.91317365234375 0.444 0.91317365234375 0.474 0.892215568359375
0 0.522 0.89820359375 0.47 0.910179640625 0.448 0.931137724609375 0.426 0.928143712890625 0.406 0.8652694609375 0.396 0.886227544921875 0.368 0.886227544921875 0.374 0.940119759765625 0.348 0.96107784375 0.354 0.99700598828125 0.542 0.99700598828125 0.536 0.937125748046875 0.522 0.89820359375