0 0.732488205078125 0.90153142578125 0.7289991640625 0.873252677734375 0.743157201171875 0.872758267578125 0.741214193359375 0.864873953125 0.703578546875 0.861644126953125 0.328927359375 0.830422314453125 0.334836384765625 0.832488013671875 0.336023552734375 0.914240251953125 0.732488205078125 0.90153142578125
0 0.637433232421875 0.710590791015625 0.63438230078125 0.623223517578125 0.332107703125 0.58720221484375 0.331787712890625 0.673551177734375 0.637433232421875 0.710590791015625
0 0.624073671875 0.54292583203125 0.628160814453125 0.46894157421875 0.30185389453125 0.41331107421875 0.298559955078125 0.486131607421875 0.624073671875 0.54292583203125
0 0.621182736328125 0.412384076171875 0.621581220703125 0.352160912109375 0.351113244140625 0.295716498046875 0.33635936328125 0.326904349609375 0.337865771484375 0.34616414453125 0.3383412421875 0.35977982421875 0.621182736328125 0.412384076171875
0 0.650058044921875 0.284141091796875 0.653707080078125 0.269245357421875 0.40064919921875 0.209920919921875 0.387442099609375 0.2376466875 0.389503224609375 0.272791443359375 0.641332056640625 0.3207985625 0.650058044921875 0.284141091796875
0 0.67040396875 0.2459418203125 0.6763145 0.2002944765625 0.468625431640625 0.1507459609375 0.4566870078125 0.19092368359375 0.67040396875 0.2459418203125
0 0.713276564453125 0.18423542578125 0.72124897265625 0.14987631640625 0.559801162109375 0.11120928125 0.552741578125 0.12395206640625 0.545086904296875 0.1435317734375 0.697809478515625 0.194999759765625 0.713276564453125 0.18423542578125
0 0.603188849609375 0.06425320703125 0.594859837890625 0.08840055859375 0.5977941640625 0.10079434765625 0.754205396484375 0.1385012421875 0.7587672578125 0.10198918359375 0.603188849609375 0.06425320703125
0 0.8259876484375 0.1166821484375 0.83118422265625 0.074467810546875 0.67663675390625 0.04237594921875 0.66565077734375 0.06207198828125 0.8259876484375 0.1166821484375
0 0.75508415234375 0.025051119140625 0.7368379375 0.047089818359375 0.885674494140625 0.0827891796875 0.8889273046875 0.056547048828125 0.75508415234375 0.025051119140625
0 0.970662337890625 0.080957361328125 0.97070271484375 0.058235482421875 0.981213220703125 0.024923763671875 0.94583831640625 0.01479884765625 0.92628634765625 0.027977875 0.897097826171875 0.02786113671875 0.86243687890625 0.01430321875 0.849547517578125 0.027249583984375 0.970662337890625 0.080957361328125