0 0.73 0.8810172578125 0.728333333984375 0.873069935546875 0.690833333984375 0.868528611328125 0.3175 0.824250681640625 0.323333333984375 0.82652134375 0.321666666015625 0.908265212890625 0.718333333984375 0.909400544921875 0.715833333984375 0.8810172578125 0.73 0.8810172578125
0 0.329166666015625 0.581289736328125 0.325833333984375 0.667574931640625 0.63 0.71525885546875 0.63 0.627838328125 0.329166666015625 0.581289736328125
0 0.305 0.40644868359375 0.299166666015625 0.479109900390625 0.6225 0.547229791015625 0.629166666015625 0.4734332421875 0.305 0.40644868359375
0 0.624166666015625 0.416666666015625 0.626666666015625 0.356494095703125 0.358333333984375 0.290644869140625 0.3425 0.321298818359375 0.343333333984375 0.340599455078125 0.343333333984375 0.35422343359375 0.624166666015625 0.416666666015625
0 0.6575 0.289509537109375 0.661666666015625 0.2747502265625 0.410833333984375 0.2066303359375 0.396666666015625 0.23387829296875 0.3975 0.2690735703125 0.6475 0.32584014453125 0.6575 0.289509537109375
0 0.480833333984375 0.149863759765625 0.4675 0.18960036328125 0.679166666015625 0.25204359765625 0.686666666015625 0.2066303359375 0.480833333984375 0.149863759765625
0 0.724166666015625 0.191871025390625 0.733333333984375 0.157811080078125 0.573333333984375 0.11353315234375 0.565833333984375 0.126021798828125 0.5575 0.14532243359375 0.708333333984375 0.202089009765625 0.724166666015625 0.191871025390625
0 0.7725 0.11126248828125 0.618333333984375 0.068119890625 0.609166666015625 0.091961853515625 0.611666666015625 0.1044505 0.766666666015625 0.14759309765625 0.7725 0.11126248828125
0 0.6925 0.048819255859375 0.680833333984375 0.068119890625 0.839166666015625 0.1282924609375 0.845833333984375 0.0862851953125 0.6925 0.048819255859375
0 0.9 0.0965031796875 0.904166666015625 0.0703905546875 0.77150423828125 0.03424275390625 0.7525 0.055631244140625 0.9 0.0965031796875
0 0.9975 0.042007265625 0.9625 0.030653951171875 0.9425 0.04314259765625 0.913333333984375 0.042007265625 0.879166666015625 0.02724795703125 0.865833333984375 0.039736603515625 0.985 0.097638509765625 0.985833333984375 0.074931880859375 0.9975 0.042007265625