0 0.461408169921875 0.4750668984375 0.333803650390625 0.479460275390625 0.217122595703125 0.489016412109375 0.21256221484375 0.46975560546875 0.30604536328125 0.457974078125 0.33338400390625 0.471452935546875 0.462219599609375 0.456671615234375 0.46185990234375 0.44980818359375 0.467983185546875 0.431134515625 0.441064193359375 0.425662998046875 0.3560744453125 0.43011712109375 0.34007891796875 0.429808365234375 0.2957534765625 0.430984314453125 0.25319865234375 0.432067470703125 0.17523143359375 0.435006513671875 0.117520376953125 0.45179558984375 0.101013169921875 0.475601642578125 0.126641140625 0.490317201171875 0.10827128125 0.546338197265625 0.123215583984375 0.560466615234375 0.1393867421875 0.63188310546875 0.17828464453125 0.5610217109375 0.289833689453125 0.555175673828125 0.37629430859375 0.544909228515625 0.366957396484375 0.603897970703125 0.382201447265625 0.623745916015625 0.40123075 0.58030787890625 0.424700537109375 0.5538428359375 0.43583171875 0.596847275390625 0.40239344140625 0.70412805859375 0.357552103515625 0.7970948359375 0.2932381640625 0.823406333984375 0.196213775390625 0.835373451171875 0.15789171875 0.81558792578125 0.122271611328125 0.7796021328125 0.130976943359375 0.742440390625 0.08346995703125 0.750665361328125 0.09016065625 0.776696806640625 0.11521699609375 0.814383271484375 0.19594189453125 0.864063884765625 0.331500271484375 0.842047955078125 0.396086091796875 0.7870460234375 0.4312350390625 0.678528541015625 0.466383982421875 0.57001105859375 0.476652220703125 0.49491484375 0.461408169921875 0.4750668984375
0 0.491206009765625 1 0.611097775390625 0.99371673828125 0.603235953125 0.97921714453125 0.576376908203125 0.974889529296875 0.565033796875 0.961719427734375 0.57841941015625 0.946106302734375 0.5775801171875 0.930091623046875 0.557895583984375 0.89327068359375 0.4736573125 0.878185619140625 0.44484780078125 0.870519083984375 0.43746557421875 0.865170732421875 0.3841671328125 0.86452284375 0.359858052734375 0.87497320703125 0.3427513515625 0.887340205078125 0.33620841796875 0.89800653125 0.339118080078125 0.919647943359375 0.365165697265625 0.94237083984375 0.3517201328125 0.95684005859375 0.34712766796875 0.97084530859375 0.357991185546875 0.974864166015625 0.383914484375 1 0.491206009765625 1
0 0.72240866796875 0.47515301171875 0.94139388671875 0.4866174296875 0.996522896484375 0.4883164296875 0.993433388671875 0.463243302734375 0.80382930859375 0.436474513671875 0.48283545703125 0.477385083984375 0.46989735546875 0.535415509765625 0.72240866796875 0.47515301171875
0 0.600542439453125 0.86006537890625 0.980947015625 0.49601501171875 0.966422361328125 0.489893931640625 0.577704232421875 0.864703419921875 0.600542439453125 0.86006537890625
0 1 0.707674662109375 0.552283978515625 0.887829541015625 0.56692853125 0.8962384296875 1 0.728002720703125 1 0.707674662109375
0 0.0269452421875 0.993360595703125 0.339985240234375 0.97007258203125 0.339505642578125 0.960921337890625 0.03519884765625 0.981457568359375 0.0269452421875 0.993360595703125
0 1 0.8995292578125 0.670012041015625 0.9321297578125 0.6866070625 0.9438775703125 1 0.908533771484375 1 0.8995292578125
0 0.467651357421875 0.458681044921875 0.531213818359375 0.451908736328125 0.5081999765625 0.385439044921875 0.4830836875 0.34660867578125 0.465629935546875 0.1490841953125 0.335719466796875 0.07559919921875 0.261113638671875 0.074920935546875 0.13944833984375 0.124884943359375 0.108716224609375 0.1482894453125 0.07960275 0.202579396484375 0.086349181640625 0.29743076171875 0.092104337890625 0.407245693359375 0.112060751953125 0.415376201171875 0.10234892578125 0.230063501953125 0.179121369140625 0.1365703359375 0.239202541015625 0.13112751953125 0.3127892265625 0.112359390625 0.39837846875 0.119344322265625 0.446932462890625 0.164975703125 0.45767186328125 0.234382763671875 0.466936177734375 0.377278162109375 0.466512314453125 0.436946837890625 0.467651357421875 0.458681044921875
0 0.648147318359375 0.243900173828125 0.564028947265625 0.231102919921875 0.55379279296875 0.272933080078125 0.59304617578125 0.276611134765625 0.597159044921875 0.253454640625 0.760983169921875 0.29648611328125 0.746362265625 0.390163197265625 0.7931177734375 0.4014774140625 0.810800322265625 0.29846349609375 0.747449791015625 0.275401466796875 0.648147318359375 0.243900173828125
0 0.597246861328125 0.289008505859375 0.552621669921875 0.2844649296875 0.543196943359375 0.307899806640625 0.558560890625 0.3300355625 0.56450011328125 0.3756061953125 0.547780974609375 0.4292465859375 0.552581154296875 0.453083013671875 0.65674797265625 0.441888626953125 0.6835791484375 0.41180628125 0.641443970703125 0.420896775390625 0.597246861328125 0.289008505859375
0 0.8583630390625 0.3590584453125 0.847687802734375 0.2231192734375 0.819150171875 0.186762306640625 0.711054552734375 0.156868888671875 0.74495977734375 0.261767396484375 0.8172833046875 0.286653265625 0.795308041015625 0.409391958984375 0.7542840390625 0.40580669921875 0.718631845703125 0.4030869609375 0.714818724609375 0.431962982421875 0.7770901640625 0.434434712890625 0.884498474609375 0.41733520703125 0.872795662109375 0.397301673828125 0.8583630390625 0.3590584453125
0 0.55854145703125 0.160273572265625 0.51838883203125 0.13943693359375 0.498100587890625 0.158852953125 0.47216865234375 0.206093884765625 0.490714142578125 0.2211806171875 0.512653109375 0.1993839921875 0.53081103515625 0.1731973359375 0.54236186328125 0.22420911328125 0.5780740078125 0.228072755859375 0.624561849609375 0.200401390625 0.64962240625 0.170411837890625 0.606979767578125 0.135941126953125 0.55854145703125 0.160273572265625