0 0.81530553125 0.8245671640625 0.717922599609375 0.815993439453125 0.652729580078125 0.791942494140625 0.60467106640625 0.700597291015625 0.56750911328125 0.59454883984375 0.5771326796875 0.551182123046875 0.60151178515625 0.5768119609375 0.622045462890625 0.619559423828125 0.636587544921875 0.59919155859375 0.62519764453125 0.540564603515625 0.71196388671875 0.54780736328125 0.823649001953125 0.549756833984375 0.864996234375 0.619217544921875 0.87866514453125 0.547280193359375 0.893107267578125 0.532638833984375 0.872793494140625 0.477293064453125 0.897892287109375 0.46169206640625 0.880564318359375 0.438476607421875 0.822302486328125 0.423711845703125 0.74428019140625 0.423495611328125 0.701713490234375 0.423898255859375 0.657374009765625 0.424269958984375 0.641399001953125 0.425136763671875 0.556305580078125 0.423651451171875 0.529593939453125 0.43005909765625 0.5363651953125 0.448507689453125 0.536245248046875 0.455379494140625 0.665518220703125 0.46565551171875 0.69236980078125 0.451230759765625 0.786207171875 0.459742595703125 0.78232176171875 0.47915082421875 0.66537828125 0.4736726171875 0.53769816796875 0.473735251953125 0.5231560859375 0.494103115234375 0.536038888671875 0.568795228515625 0.57495362890625 0.676019923828125 0.613868369140625 0.783244619140625 0.680334384765625 0.835959033203125 0.81657852734375 0.853230630859375 0.895520421875 0.800763025390625 0.919246259765625 0.762225064453125 0.9250243984375 0.735975974609375 0.877259306640625 0.729413982421875 0.88725626171875 0.76624927734375 0.85291373828125 0.803456271484375 0.81530553125 0.8245671640625
0 0.6266258125 1 0.631403349609375 0.997787216796875 0.658494826171875 0.96961885546875 0.669211470703125 0.96522331640625 0.66413302734375 0.951386873046875 0.650190685546875 0.9373957109375 0.67542941796875 0.913777607421875 0.677582033203125 0.892047833984375 0.6706708359375 0.881616349609375 0.653142953125 0.869853900390625 0.62848396875 0.86025827734375 0.57524060546875 0.862765861328125 0.56804953125 0.86836858984375 0.539525126953125 0.877035892578125 0.4558646328125 0.895051640625 0.437477125 0.932537130859375 0.43719724609375 0.94857134375 0.451119595703125 0.96370780859375 0.4402430234375 0.977265755859375 0.413551373046875 0.982528099609375 0.4062003671875 0.997293236328125 0.561270775390625 1 0.6266258125 1
0 0.058407953125 0.502030005859375 0.276859669921875 0.48293009765625 0.531320291015625 0.534343369140625 0.516364837890625 0.476799826171875 0.19413876953125 0.447116703125 0.005584408203125 0.48048626953125 0.0033718203125 0.5056519453125 0.058407953125 0.502030005859375
0 0.435071068359375 0.867193091796875 0.03350907421875 0.5061779921875 0.019206890625 0.512802248046875 0.41208491015625 0.86335491796875 0.435071068359375 0.867193091796875
0 0 0.74243172265625 0.44694076171875 0.89833282421875 0.461282927734375 0.88941796875 0 0.72226113671875 0 0.74243172265625
0 0.981320634765625 0.964942951171875 0.67648251171875 0.955039384765625 0.676322580078125 0.964201791015625 0.98998462109375 0.976550681640625 0.981320634765625 0.964942951171875
0 0 0.91839661328125 0.00491890234375 0.924986798828125 0.32899771875 0.9501196640625 0.34517263671875 0.937799849609375 0 0.915828703125 0 0.91839661328125
0 0.909761326171875 0.18808892578125 0.87877089453125 0.134848091796875 0.8472406953125 0.112530380859375 0.72390579296875 0.0668428671875 0.649369083984375 0.070124423828125 0.522102341796875 0.14809846484375 0.511552728515625 0.346111748046875 0.4878068984375 0.3857950078125 0.4671268359375 0.45302737890625 0.530886927734375 0.457577263671875 0.53126676171875 0.435816544921875 0.52876075 0.376199009765625 0.533032443359375 0.23306733984375 0.541343029296875 0.163327759765625 0.58827493359375 0.116029666015625 0.673568267578125 0.10606196875 0.747765125 0.12225052734375 0.8079996484375 0.125593224609375 0.8879881875 0.216350119140625 0.88474959765625 0.4018888671875 0.904410103515625 0.39306684375 0.90632926953125 0.283117955078125 0.909761326171875 0.18808892578125
0 0.203622396484375 0.41176709375 0.2499545625 0.39882802734375 0.23207328125 0.30571826953125 0.394295833984375 0.256995630859375 0.399214345703125 0.27999448046875 0.438315455078125 0.274948744140625 0.426625685546875 0.2335013046875 0.343005173828125 0.249226451171875 0.24486257421875 0.28417416015625 0.182355486328125 0.309433041015625 0.203622396484375 0.41176709375
0 0.34131945703125 0.447394453125 0.445813498046875 0.454946650390625 0.449778875 0.430957220703125 0.4311978984375 0.377932994140625 0.435543109375 0.33218284765625 0.450125171875 0.309524380859375 0.4398883203125 0.286432697265625 0.3954488828125 0.29253090234375 0.355881529296875 0.425881287109375 0.313454767578125 0.418266826171875 0.34131945703125 0.447394453125
0 0.1369364765625 0.3716509921875 0.123847314453125 0.410374615234375 0.11285079296875 0.4308043671875 0.220790435546875 0.444144958984375 0.2829376796875 0.439501494140625 0.27811912109375 0.410776138671875 0.242583564453125 0.41473846484375 0.201709677734375 0.4197532578125 0.175464283203125 0.2978562578125 0.246875248046875 0.270461494140625 0.2770989140625 0.164443611328125 0.17011240625 0.198091302734375 0.142861 0.2354220703125 0.1369364765625 0.3716509921875
0 0.3803799296875 0.13989644140625 0.33896627734375 0.175834359375 0.365058189453125 0.20493104296875 0.4124834296875 0.230963150390625 0.448038978515625 0.225855525390625 0.457802486328125 0.174471705078125 0.476863251953125 0.20000870703125 0.49954954296875 0.221026396484375 0.517557216796875 0.205301623046875 0.48999239453125 0.158994482421875 0.469038900390625 0.14029833984375 0.429637923828125 0.162523591796875 0.3803799296875 0.13989644140625