0 0.221967490234375 0.83766138671875 0.219210990234375 0.84529941015625 0.233239787109375 0.847271029296875 0.226813927734375 0.87503016015625 0.619778271484375 0.92911120703125 0.62950437109375 0.847930908203125 0.63559694921875 0.8464941875 0.25973457421875 0.83838325 0.221967490234375 0.83766138671875
0 0.649149765625 0.69018341796875 0.657857451171875 0.60427403515625 0.353473494140625 0.6085017109375 0.341306908203125 0.69507146875 0.649149765625 0.69018341796875
0 0.701786177734375 0.507263798828125 0.706122099609375 0.434497873046875 0.37578775390625 0.45571526171875 0.372119044921875 0.52972144921875 0.701786177734375 0.507263798828125
0 0.675430173828125 0.37744590625 0.677326265625 0.363954515625 0.680837619140625 0.344957689453125 0.669424578125 0.31239848828125 0.39453820703125 0.340262091796875 0.388639474609375 0.400197 0.675430173828125 0.37744590625
0 0.378173826171875 0.3070070234375 0.633641224609375 0.285586173828125 0.63936468359375 0.250849392578125 0.629128068359375 0.221894990234375 0.371255373046875 0.25444269140625 0.373327388671875 0.269638251953125 0.378173826171875 0.3070070234375
0 0.5753829921875 0.19714427734375 0.56770968359375 0.15593874609375 0.355979126953125 0.18350641015625 0.357085833984375 0.22952151171875 0.5753829921875 0.19714427734375
0 0.33515534765625 0.17599386328125 0.492421162109375 0.140771677734375 0.486855056640625 0.120499099609375 0.481166130859375 0.107088193359375 0.316560943359375 0.128667515625 0.320898173828125 0.16367174609375 0.33515534765625 0.17599386328125
0 0.444469916015625 0.09275896484375 0.448683669921875 0.0807397890625 0.44292437109375 0.0558541015625 0.284253755859375 0.077120984375 0.284974076171875 0.11390987109375 0.444469916015625 0.09275896484375
0 0.3810326171875 0.047155783203125 0.372165619140625 0.02641929296875 0.215110263671875 0.0421807421875 0.215865771484375 0.084707015625 0.3810326171875 0.047155783203125
0 0.159556734375 0.01832235546875 0.16004867578125 0.0447607421875 0.311801490234375 0.0248146015625 0.29595890234375 0.000989384765625 0.159556734375 0.01832235546875
0 0.075720134765625 0 0.078052810546875 0.01145368359375 0.0757178828125 0.034055310546875 0.1810629921875 0 0.075720134765625 0