0 0.7386711328125 0.19995093359375 0.79907965234375 0.218342138671875 0.80681325390625 0.183028927734375 0.801472041015625 0.17644653515625 0.7652450078125 0.15758640234375 0.732279755859375 0.18422665234375 0.7386711328125 0.19995093359375
0 0.42092519921875 0.678340140625 0.40617430078125 0.70388429296875 0.401055662109375 0.733451341796875 0.412788251953125 0.755758013671875 0.389163203125 0.8466005390625 0.41135564453125 0.845922556640625 0.429973341796875 0.802721796875 0.43665677734375 0.758266697265625 0.461241607421875 0.715693109375 0.461130322265625 0.697618388671875 0.45368877734375 0.672752220703125 0.421752791015625 0.65133258984375 0.42092519921875 0.678340140625
0 0.40627824609375 0.128888986328125 0.38931573046875 0.11807464453125 0.395373248046875 0.079574763671875 0.350988365234375 0.080930732421875 0.33393546484375 0.109243439453125 0.40627824609375 0.128888986328125
0 0.137757896484375 0.96167045703125 0.17928433984375 0.872709443359375 0.191218603515625 0.87396378515625 0.1963372421875 0.844396736328125 0.2121383046875 0.82799447265625 0.218821740234375 0.783539373046875 0.10019541796875 0.7259136875 0.016426224609375 0.948917984375 0.137757896484375 0.96167045703125
0 0.484595501953125 0.742231732421875 0.493400169921875 0.773262177734375 0.519549796875 0.715800537109375 0.52779803125 0.65645738671875 0.522143857421875 0.65285260546875 0.496397576171875 0.668209583984375 0.48761380859375 0.694380908203125 0.484595501953125 0.742231732421875
0 0.558546201171875 1 0.566431576171875 0.958557814453125 0.43419490625 0.896491119140625 0.4055416015625 0.977773642578125 0.40627880859375 0.989893142578125 0.502439134765625 1 0.558546201171875 1
0 0 0.94719151953125 0.00250291796875 0.9474545859375 0.0136999765625 0.936589427734375 0.09684325 0.719540349609375 0.1032137265625 0.67806286328125 0.09724659375 0.67743569140625 0 0.726627916015625 0 0.94719151953125
0 0.566619126953125 0.612369587890625 0.538703029296875 0.705771609375 0.559330673828125 0.71998167578125 0.598687302734375 0.70906570703125 0.61531595703125 0.665655890625 0.616345220703125 0.617596009765625 0.605975755859375 0.601453615234375 0.58639827734375 0.596385435546875 0.566619126953125 0.612369587890625
0 0.740347216796875 0.2031376015625 0.7698699140625 0.209251064453125 0.793536767578125 0.232812078125 0.7837028359375 0.249841513671875 0.784551328125 0.280035732421875 0.769800431640625 0.305579884765625 0.76322828125 0.368109705078125 0.775788462890625 0.363408826171875 0.796395205078125 0.320417123046875 0.8078843203125 0.2493725859375 0.80681325390625 0.183028927734375 0.763255962890625 0.157377345703125 0.732905673828125 0.178271431640625 0.740347216796875 0.2031376015625
0 0.66876254296875 0.2528133203125 0.65264851953125 0.2721931953125 0.64156275 0.30113307421875 0.6206848515625 0.461505923828125 0.65094475390625 0.47973888671875 0.675953830078125 0.452262408203125 0.689341603515625 0.420553978515625 0.7252556796875 0.442391720703125 0.739158083984375 0.3866533515625 0.722285953125 0.33671195703125 0.7368351796875 0.33222013671875 0.7383999765625 0.317332083984375 0.715873673828125 0.263785908203125 0.70288924609375 0.253389677734375 0.66876254296875 0.2528133203125
0 0.113694478515625 0.712279974609375 0.161278439453125 0.58481908203125 0.16409507421875 0.558020587890625 0.118277583984375 0.64954109765625 0.105738302734375 0.711443748046875 0.113694478515625 0.712279974609375
0 0.50839454296875 0.841069234375 0.508505830078125 0.859143955078125 0.486737634765625 0.874919046875 0.48485987890625 0.8927847109375 0.512504818359375 0.916763837890625 0.546318564453125 0.9203178046875 0.56650105859375 0.86222899609375 0.561785765625 0.8496913828125 0.556242880859375 0.864161322265625 0.53425211328125 0.843786974609375 0.50839454296875 0.841069234375
0 0.595892419921875 1 0.6029715703125 0.974440337890625 0.579304716796875 0.95087932421875 0.590905119140625 0.8979095078125 0.563058505859375 0.8949827109375 0.555304001953125 0.87309415234375 0.528841416015625 0.93353340234375 0.506648974609375 0.93421138671875 0.486960208984375 0.91106848828125 0.436496908203125 0.89372256640625 0.41850512890625 0.930968103515625 0.40627880859375 0.989893142578125 0.502439140625 1 0.595892419921875 1