0 0.694589642578125 0.169654388671875 0.75696983203125 0.17945937109375 0.759713521484375 0.143413517578125 0.753508197265625 0.137638537109375 0.7150088984375 0.12400377734375 0.686072068359375 0.15497264453125 0.694589642578125 0.169654388671875
0 0.446514900390625 0.6876096328125 0.435462615234375 0.714958119140625 0.434508728515625 0.74494980078125 0.449231626953125 0.7654065234375 0.438479330078125 0.858652947265625 0.460361439453125 0.854892970703125 0.472785568359375 0.809521556640625 0.4732170078125 0.764568935546875 0.49163748046875 0.718988125 0.48901176171875 0.701104794921875 0.4781819375 0.67751628515625 0.443575712890625 0.66074973828125 0.446514900390625 0.6876096328125
0 0.355541669921875 0.14554416015625 0.337239166015625 0.137195787109375 0.337879583984375 0.09822754296875 0.2941153671875 0.10574749609375 0.281168791015625 0.13615797265625 0.355541669921875 0.14554416015625
0 0.207859701171875 1 0.23427665234375 0.91371725390625 0.246269341796875 0.913298458984375 0.247223228515625 0.88330677734375 0.260587763671875 0.86486505859375 0.261019203125 0.8199124375 0.135527396484375 0.779357154296875 0.08625576953125 1 0.207859701171875 1
0 0.51845755859375 0.7420182421875 0.53149514453125 0.771521328125 0.549393169921875 0.710979576171875 0.549302162109375 0.651066015625 0.543201326171875 0.648283224609375 0.519842884765625 0.667073939453125 0.5147869453125 0.69421303125 0.51845755859375 0.7420182421875
0 0.47537084375 0.99816900390625 0.62727825 0.99286428125 0.62960398046875 0.944849673828125 0.49001621484375 0.901790794921875 0.472954103515625 0.98627005078125 0.47537084375 0.99816900390625
0 0.079198826171875 1 0.13132085546875 0.773512373046875 0.131856783203125 0.731551943359375 0.1258604375 0.73176133984375 0.01254333984375 0.810614384765625 0.01915683203125 1 0.079198826171875 1
0 0.5816096171875 0.602004423828125 0.56696424609375 0.6983826328125 0.589368802734375 0.709583595703125 0.62682320703125 0.6932964765625 0.6372485546875 0.647994859375 0.631579158203125 0.60025944921875 0.619064021484375 0.58571730078125 0.59897171484375 0.583423103515625 0.5816096171875 0.602004423828125
0 0.6966929140625 0.17257677734375 0.72677912890625 0.17452198046875 0.753494716796875 0.19455991015625 0.74612652734375 0.212792236328125 0.751168986328125 0.242574517578125 0.740116701171875 0.26992300390625 0.74231098046875 0.332758955078125 0.75409469140625 0.32635578515625 0.7685176015625 0.280914572265625 0.77000741796875 0.208962458984375 0.759713521484375 0.143413517578125 0.7130101171875 0.124073578125 0.68586308984375 0.148988267578125 0.6966929140625 0.17257677734375
0 0.632718419921875 0.231731716796875 0.619458375 0.253165626953125 0.61250814453125 0.283366705078125 0.614153013671875 0.4450844609375 0.64665596875 0.4589286171875 0.667597671875 0.428238947265625 0.6764421953125 0.394975884765625 0.715045984375 0.411602830078125 0.72105580859375 0.354472060546875 0.69739737890625 0.30736483984375 0.71117987109375 0.30089187109375 0.710657423828125 0.2859309296875 0.68089816015625 0.236040919921875 0.66659321875 0.227552947265625 0.632718419921875 0.231731716796875
0 0.146997638671875 0.76397741796875 0.176379388671875 0.63113455859375 0.175438984375 0.604204865234375 0.142804578125 0.701211267578125 0.139002513671875 0.764256615234375 0.146997638671875 0.76397741796875
0 0.55578051171875 0.836581677734375 0.55840623046875 0.8544650078125 0.539045349609375 0.873116125 0.539672287109375 0.89106925390625 0.570385439453125 0.9109675859375 0.6043647265625 0.90978100390625 0.616266408203125 0.849448650390625 0.60985210546875 0.83768929296875 0.606376990234375 0.85278983203125 0.581764671875 0.835674291015625 0.55578051171875 0.836581677734375
0 0.61741579296875 0.88236271875 0.606690458984375 0.861766396484375 0.588896921875 0.9253003359375 0.5670148125 0.9290603125 0.544296787109375 0.90888278515625 0.491910505859375 0.89872880859375 0.4792773984375 0.938115845703125 0.47537084375 0.99816900390625 0.6632563203125 0.9916078984375 0.667998791015625 0.955492244140625 0.641283203125 0.935454314453125 0.645398736328125 0.88138553125 0.61741579296875 0.88236271875