0 0.17730496484375 0.847651775390625 0.313829787109375 0.832760595703125 0.381205673828125 0.781214203125 0.42198581640625 0.674684994140625 0.46276595703125 0.56815578515625 0.47695035546875 0.493699884765625 0.46276595703125 0.473081328125 0.3351063828125 0.47079037890625 0.21808510546875 0.4742268046875 0.2145390078125 0.45475372265625 0.308510638671875 0.44788087109375 0.3351063828125 0.46277205078125 0.4645390078125 0.45475372265625 0.4645390078125 0.44788087109375 0.471631205078125 0.429553263671875 0.4450354609375 0.422680412109375 0.359929078125 0.422680412109375 0.343971630859375 0.4215349375 0.299645390625 0.4203894609375 0.25709219921875 0.419243986328125 0.179078013671875 0.41809851171875 0.120567375 0.43184421484375 0.10283687890625 0.45475372265625 0.12765957421875 0.47079037890625 0.106382978515625 0.5257731953125 0.120567375 0.540664375 0.13297872265625 0.61282932421875 0.1755319140625 0.544100802734375 0.28723404296875 0.544100802734375 0.374113474609375 0.53837342578125 0.361702126953125 0.596792669921875 0.375886525390625 0.6174112265625 0.39716312109375 0.57502863671875 0.42198581640625 0.549828177734375 0.430851064453125 0.5933562421875 0.391843970703125 0.6987399765625 0.34219858203125 0.78923253125 0.276595744140625 0.8121420390625 0.179078013671875 0.819014890625 0.141843970703125 0.797250859375 0.108156029296875 0.759450171875 0.118794326171875 0.722794958984375 0.070921986328125 0.7285223359375 0.076241134765625 0.75486826953125 0.099290779296875 0.79381443359375 0.17730496484375 0.847651775390625
0 0.31737588671875 0.910652921875 0.34219858203125 0.934707904296875 0.32801418359375 0.948453607421875 0.32269503515625 0.9621993125 0.333333333984375 0.96678121484375 0.359929078125 0.99541809765625 0.36702127734375 0.998854525390625 0.5851063828125 0.998854525390625 0.57801418359375 0.983963345703125 0.551418439453125 0.97823596875 0.540780142578125 0.964490263671875 0.5549645390625 0.949599083984375 0.5549645390625 0.933562427734375 0.53723404296875 0.895761740234375 0.453900708984375 0.87628866015625 0.4255319140625 0.867124857421875 0.418439716796875 0.86139748046875 0.3652482265625 0.8579610546875 0.34042553125 0.867124857421875 0.32269503515625 0.878579611328125 0.3156028359375 0.888888888671875 0.31737588671875 0.910652921875
0 0.941489361328125 0.509736541015625 0.996453900390625 0.51431844140625 0.9946808515625 0.489117984375 0.806737587890625 0.452462771484375 0.484042552734375 0.47651775390625 0.46808510546875 0.5337915234375 0.723404255859375 0.486827033203125 0.941489361328125 0.509736541015625
0 0.966312056640625 0.51431844140625 0.558510638671875 0.86827033203125 0.581560283203125 0.86483390625 0.980496453125 0.521191294921875 0.966312056640625 0.51431844140625
0 0.996453900390625 0.730813287109375 0.53191489453125 0.890034365234375 0.546099291015625 0.89919816796875 0.998226951171875 0.750286369140625 0.996453900390625 0.730813287109375
0 0.3156028359375 0.95189003515625 0.010638298828125 0.956471935546875 0.001773048828125 0.967926689453125 0.3156028359375 0.961053837890625 0.3156028359375 0.95189003515625
0 0.98758865234375 0.933562427734375 0.9946808515625 0.924398625 0.64716312109375 0.94043528125 0.66312056640625 0.953035509765625 0.98758865234375 0.933562427734375
0 0.333333333984375 0.103092783203125 0.418439716796875 0.114547537109375 0.4645390078125 0.162657501953125 0.471631205078125 0.2325315 0.473404255859375 0.375715921875 0.46985815625 0.435280640625 0.46985815625 0.457044673828125 0.533687943359375 0.453608248046875 0.514184396484375 0.386025201171875 0.491134751953125 0.3459335625 0.484042552734375 0.147766322265625 0.358156029296875 0.067583046875 0.283687943359375 0.06300114453125 0.15957446875 0.106529208984375 0.12765957421875 0.1282932421875 0.095744681640625 0.180985109375 0.09751773046875 0.276059564453125 0.09751773046875 0.386025201171875 0.11702127734375 0.39518900390625 0.11702127734375 0.2096219921875 0.198581560546875 0.1202749140625 0.258865248046875 0.117983962890625 0.333333333984375 0.103092783203125
0 0.609929078125 0.25887743359375 0.771276595703125 0.310423826171875 0.751773048828125 0.403207330078125 0.79787233984375 0.41695303515625 0.820921986328125 0.3150057265625 0.758865248046875 0.28865979296875 0.661347517578125 0.25200458203125 0.57801418359375 0.234822451171875 0.5656028359375 0.276059564453125 0.6046099296875 0.28178694140625 0.609929078125 0.25887743359375
0 0.570921986328125 0.37915234765625 0.551418439453125 0.43184421484375 0.5549645390625 0.455899197265625 0.65957446875 0.450171822265625 0.68794326171875 0.4215349375 0.6453900703125 0.4284077890625 0.608156029296875 0.294387169921875 0.563829787109375 0.287514318359375 0.553191490234375 0.310423826171875 0.56737588671875 0.333333333984375 0.570921986328125 0.37915234765625
0 0.758865248046875 0.419243986328125 0.723404255859375 0.414662083984375 0.71808510546875 0.44329896875 0.78014184375 0.449026345703125 0.888297873046875 0.437571591796875 0.87765957421875 0.41695303515625 0.8652482265625 0.378006873046875 0.861702126953125 0.241695302734375 0.8351063828125 0.2038946171875 0.728723404296875 0.16838487890625 0.75709219921875 0.27491408984375 0.82801418359375 0.303550974609375 0.799645390625 0.42497136328125 0.758865248046875 0.419243986328125
0 0.54787233984375 0.175257732421875 0.556737587890625 0.226804123046875 0.59219858203125 0.2325315 0.640070921875 0.20733104296875 0.666666666015625 0.178694158203125 0.625886525390625 0.1420389453125 0.576241134765625 0.163802978515625 0.53723404296875 0.140893470703125 0.515957447265625 0.159221076171875 0.48758865234375 0.205040091796875 0.5053191484375 0.22107674609375 0.528368794921875 0.200458189453125 0.54787233984375 0.175257732421875