0 0.99875 0.998333333984375 0.99875 0.863333333984375 0.985 0.846666666015625 0.985 0.835 0.97625 0.828333333984375 0.9525 0.828333333984375 0.92375 0.813333333984375 0.875 0.828333333984375 0.86375 0.815 0.85625 0.83 0.85625 0.843333333984375 0.84875 0.853333333984375 0.84375 0.851666666015625 0.83375 0.901666666015625 0.81 0.93 0.7875 0.94 0.77125 0.935 0.73875 0.938333333984375 0.69125 0.96 0.605 0.968333333984375 0.5825 0.963333333984375 0.55875 0.941666666015625 0.525 0.928333333984375 0.4925 0.905 0.44 0.908333333984375 0.41375 0.905 0.4075 0.895 0.38875 0.898333333984375 0.3475 0.843333333984375 0.32875 0.831666666015625 0.26125 0.821666666015625 0.2425 0.826666666015625 0.21375 0.856666666015625 0.18875 0.865 0.1725 0.895 0.175 0.915 0.165 0.923333333984375 0.1625 0.946666666015625 0.15375 0.946666666015625 0.15375 0.956666666015625 0.1425 0.968333333984375 0.10375 0.956666666015625 0.085 0.965 0.07875 0.973333333984375 0.07875 0.991666666015625 0.09375 0.998333333984375 0.99875 0.998333333984375
0 0.48875 0.125 0.48625 0.138333333984375 0.51125 0.173333333984375 0.5125 0.196666666015625 0.52125 0.205 0.4975 0.291666666015625 0.5075 0.301666666015625 0.505 0.31 0.51375 0.348333333984375 0.52875 0.35 0.54375 0.34 0.54125 0.321666666015625 0.55875 0.313333333984375 0.5575 0.29 0.57125 0.24 0.5825 0.23 0.5875 0.193333333984375 0.58125 0.166666666015625 0.5825 0.126666666015625 0.575 0.125 0.57 0.11 0.5625 0.108333333984375 0.5575 0.098333333984375 0.56 0.086666666015625 0.575 0.081666666015625 0.5875 0.066666666015625 0.58 0.025 0.57125 0.02 0.57 0.011666666015625 0.55375 0.003333333984375 0.5225 0.003333333984375 0.50875 0.035 0.505 0.055 0.51 0.08 0.5075 0.115 0.48875 0.125
0 0.5075 0.5 0.495 0.52 0.50125 0.536666666015625 0.49 0.568333333984375 0.50625 0.595 0.535 0.563333333984375 0.5325 0.555 0.55375 0.508333333984375 0.56 0.503333333984375 0.565 0.513333333984375 0.57125 0.47 0.55625 0.416666666015625 0.555 0.386666666015625 0.54375 0.363333333984375 0.53625 0.368333333984375 0.5075 0.356666666015625 0.49875 0.413333333984375 0.50125 0.433333333984375 0.52 0.451666666015625 0.505 0.493333333984375 0.5075 0.5
0 0.4475 0.878333333984375 0.46125 0.888333333984375 0.47 0.886666666015625 0.49875 0.788333333984375 0.485 0.785 0.47875 0.793333333984375 0.4575 0.79 0.435 0.803333333984375 0.435 0.81 0.45125 0.815 0.445 0.845 0.4475 0.878333333984375
0 0.2 0.033333333984375 0.19875 0.065 0.20375 0.066666666015625 0.22 0.108333333984375 0.23 0.11 0.24375 0.1 0.25125 0.115 0.25625 0.093333333984375 0.26875 0.093333333984375 0.28125 0.066666666015625 0.27375 0.038333333984375 0.28625 0.025 0.28375 0.015 0.29625 0.013333333984375 0.30125 0.005 0.295 0 0.15375 0.005 0.1525 0.016666666015625 0.17125 0.013333333984375 0.18 0.028333333984375 0.2 0.033333333984375
0 0.535 0.288333333984375 0.5475 0.29 0.545 0.265 0.5525 0.258333333984375 0.54125 0.25 0.55125 0.243333333984375 0.54875 0.228333333984375 0.5325 0.228333333984375 0.51125 0.243333333984375 0.50375 0.281666666015625 0.51375 0.303333333984375 0.53 0.301666666015625 0.535 0.288333333984375
0 0.6225 0.613333333984375 0.63125 0.601666666015625 0.6325 0.556666666015625 0.61375 0.556666666015625 0.6025 0.571666666015625 0.6025 0.59 0.61 0.611666666015625 0.6225 0.613333333984375
0 0.50875 0.49 0.51375 0.496666666015625 0.51125 0.508333333984375 0.49625 0.521666666015625 0.5025 0.54 0.49125 0.566666666015625 0.49375 0.598333333984375 0.50875 0.61 0.51125 0.62 0.51125 0.63 0.5 0.65 0.5025 0.665 0.4975 0.683333333984375 0.51625 0.7 0.50875 0.755 0.52875 0.776666666015625 0.5725 0.746666666015625 0.56875 0.726666666015625 0.585 0.69 0.58375 0.511666666015625 0.575 0.498333333984375 0.56625 0.501666666015625 0.5625 0.496666666015625 0.56875 0.47 0.54625 0.418333333984375 0.5475 0.388333333984375 0.54375 0.383333333984375 0.54 0.388333333984375 0.51375 0.37 0.5125 0.395 0.5025 0.416666666015625 0.505 0.426666666015625 0.51375 0.43 0.51875 0.485 0.50875 0.49
0 0.7075 0.853333333984375 0.7125 0.86 0.72 0.856666666015625 0.7275 0.873333333984375 0.76375 0.883333333984375 0.775 0.861666666015625 0.7725 0.856666666015625 0.78625 0.815 0.7825 0.806666666015625 0.78875 0.783333333984375 0.78 0.741666666015625 0.785 0.716666666015625 0.78375 0.665 0.775 0.638333333984375 0.78625 0.56 0.77625 0.51 0.78125 0.466666666015625 0.77 0.431666666015625 0.73625 0.41 0.72 0.431666666015625 0.71125 0.47 0.7 0.573333333984375 0.705 0.595 0.7 0.631666666015625 0.70375 0.666666666015625 0.67875 0.715 0.6775 0.79 0.705 0.823333333984375 0.71 0.841666666015625 0.7075 0.853333333984375
0 0.86 0 0.86625 0.005 0.8625 0.016666666015625 0.86625 0.035 0.8625 0.061666666015625 0.85625 0.07 0.8575 0.098333333984375 0.89 0.113333333984375 0.89 0.123333333984375 0.9025 0.14 0.955 0.151666666015625 0.96125 0.145 0.975 0.15 0.97625 0.138333333984375 0.9825 0.141666666015625 0.98375 0.126666666015625 0.99625 0.11 0.995 0.095 0.99875 0.091666666015625 0.99875 0.061666666015625 0.98375 0.041666666015625 0.99375 0.03 0.99875 0.005 0.9875 0 0.86 0
0 0.2475 0.618333333984375 0.23375 0.653333333984375 0.23375 0.676666666015625 0.22625 0.683333333984375 0.21125 0.756666666015625 0.2125 0.763333333984375 0.230625 0.766666666015625 0.25 0.785 0.26125 0.786666666015625 0.28375 0.773333333984375 0.2875 0.756666666015625 0.29625 0.751666666015625 0.30375 0.731666666015625 0.29375 0.696666666015625 0.285 0.693333333984375 0.2825 0.661666666015625 0.3175 0.635 0.32125 0.623333333984375 0.335 0.611666666015625 0.34625 0.593333333984375 0.355 0.56 0.35 0.531666666015625 0.345 0.53 0.32125 0.543333333984375 0.315 0.565 0.30375 0.568333333984375 0.295 0.556666666015625 0.29375 0.523333333984375 0.26625 0.52 0.255 0.528333333984375 0.2325 0.571666666015625 0.23875 0.583333333984375 0.23625 0.59 0.2475 0.605 0.2475 0.618333333984375
0 0.985 0.791666666015625 0.9775 0.81 0.97375 0.828333333984375 0.99875 0.866666666015625 0.99875 0.79 0.985 0.791666666015625
0 0.99375 0.973333333984375 0.9825 0.961666666015625 0.99125 0.938333333984375 0.98125 0.843333333984375 0.96625 0.83 0.87125 0.821666666015625 0.86625 0.836666666015625 0.85625 0.83 0.85625 0.843333333984375 0.845 0.851666666015625 0.84 0.896666666015625 0.82375 0.92 0.805 0.935 0.7875 0.94 0.74375 0.936666666015625 0.72125 0.943333333984375 0.71625 0.951666666015625 0.7 0.958333333984375 0.605 0.966666666015625 0.58125 0.961666666015625 0.5475 0.933333333984375 0.54375 0.923333333984375 0.5175 0.918333333984375 0.485 0.9 0.4825 0.89 0.4675 0.886666666015625 0.4575 0.866666666015625 0.45875 0.836666666015625 0.4525 0.821666666015625 0.46375 0.81 0.44625 0.806666666015625 0.4425 0.796666666015625 0.43375 0.806666666015625 0.40875 0.811666666015625 0.35375 0.788333333984375 0.32125 0.791666666015625 0.28125 0.823333333984375 0.2625 0.818333333984375 0.23625 0.826666666015625 0.1825 0.87 0.1575 0.918333333984375 0.155 0.945 0.1425 0.951666666015625 0.14125 0.96 0.12625 0.963333333984375 0.115 0.955 0.09625 0.955 0.07625 0.973333333984375 0.075 0.993333333984375 0.08 0.998333333984375 0.98625 0.998333333984375 0.99375 0.973333333984375