0 0.780045059442103 0.33533749686437114 0.6143955684448675 0.2813223959080129 0.3827625014368155 0.9916774441937408 0.5484119924340509 1.0456925451500991
0 0.4117481959702045 0.8395353628291643 0.3689271965072015 0.6585886605867929 0.2440763695187361 0.6881345828344804 0.28689736898173906 0.8690812850768518
0 0.5540286127509216 0.663345584754887 0.5279946875739406 0.47100093257346426 0.469781649044042 0.47888009049246183 0.49581557422102296 0.6712247426738847
0 0.4613032917689141 0.3116788955484854 0.39901652587343467 0.15027041048066225 0.32649151105874435 0.17825746839419526 0.38877827695422373 0.3396659534620184
0 0.6478161525224173 0.2900091659026001 0.6242723677193347 0.02090287937235035 0.5611800537845021 0.026422749908125633 0.5847238385875847 0.2955290364383754
0 0.945846626531697 0.5603648988405339 0.9290296458680523 0.368146122783203 0.8770061432262852 0.3726975940594572 0.89382312388993 0.5649163701167881
0 0.38488711379613755 0.5773126469829741 0.3496350833431562 0.4444556966909393 0.31269629086423656 0.4542569711782802 0.347948321317218 0.587113921470315
0 0.4638575574833905 0.8518041779450811 0.44543201164177115 0.6411992588857538 0.35577448846792487 0.6490432770153607 0.37420003430954424 0.859648196074688
0 0.4589485761718751 0.662200076171875 0.1174256718750001 0.662200076171875 0.11742567187500011 1 0.4589485761718751 1
0 0.26020283017308454 0.7278372843851069 0.0900527275293036 0.10320148631698209 -0.11979262464922613 0.16036312886601042 0.05035747799455481 0.7849989269341352
0 0.20430148619660632 0.8667836024485172 0.03974432688699536 0.6940391534618215 -0.04806409336192535 0.7776858598213396 0.1164930659476856 0.9504303088080355
0 0.817948005019373 0.822722167995662 0.8141569849573091 0.7423839938855478 0.7666723369240644 0.7446247126388434 0.7704633569861283 0.8249628867489577
0 1.002885181387073 0.9562289045768213 0.9948422816372838 0.864298184553904 0.9493629772033357 0.8682771100552075 0.957405876953125 0.9602078300781249
0 0.7659151195730692 0.9769610999113811 0.7624054931071573 0.9368458758531447 0.7269852357482323 0.9399447460595239 0.7304948622141442 0.9800599701177604
0 1 0.5577754218750002 0.977424279296875 0.5577754218750002 0.977424279296875 0.6182531933593752 1 0.6182531933593752