0 0.7438040461725783 0.8649963464006822 0.3289273593750002 0.8304223144531251 0.3220394516166243 0.9130748773389596 0.7369161384142024 0.9476489092865168
0 0.6476560710874684 0.6248053193647595 0.33210770312500004 0.5872022148437501 0.3218848644594068 0.6729876864946156 0.6374332324218751 0.710590791015625
0 0.6364460798314466 0.4703540893310225 0.30185389453125 0.41331107421875 0.2894814865748033 0.4858828169189776 0.624073671875 0.5429258320312501
0 0.6332429164236393 0.3545946108795046 0.34321211961186354 0.29406759916380254 0.3298675726082638 0.3580114399521983 0.6198983694200395 0.4185384516679004
0 0.6537070800781251 0.26924535742187505 0.39429127591918184 0.20843042999074096 0.3797396840589474 0.27050257351981283 0.6391554882178907 0.3313175009509469
0 0.6810259296169844 0.20141848537932086 0.46639895517485924 0.15021478900426283 0.45577699430787477 0.19473812393744205 0.67040396875 0.24594182031250011
0 0.7214917081294552 0.14993445197987165 0.5532064765209737 0.10962984242932251 0.5417140362312634 0.15761462624108358 0.7099992678397449 0.19791923579163273
0 0.7628228972769844 0.10297289025038275 0.600854197247845 0.06368693059344732 0.5921837602681665 0.09943352857772658 0.754152460297306 0.13871948823466201
0 0.8346059373859465 0.07517833136936393 0.6700257290162249 0.041003166502064745 0.6614074400677785 0.0825069835702009 0.8259876484375 0.11668214843750009
0 0.891696442359679 0.057198681458489026 0.7427093372823506 0.02213908144392887 0.7366873890632964 0.047729579672939934 0.8856744941406249 0.08278917968750009
0 0.9862846771155753 0.026375303153707758 0.8601322178517474 -0.00973173601992608 0.844509878626797 0.04485032215449131 0.970662337890625 0.08095736132812514