0 0.6778511883743453 0.2931538245332411 0.6157325443278336 0.28220063218721364 0.5896036665003633 0.43038487015397264 0.651722310546875 0.4413380625000002
0 0.6532373993209339 0.44160521348185944 0.5911187568129154 0.4306520209042006 0.5591834596923203 0.611766092546463 0.6213021022003389 0.6227192851241218
0 0.29792680231960783 0.22404080428546813 0.17899233624818167 0.2030694404695749 0.12038378547959681 0.5354549140170335 0.239318251551023 0.5564262778329266
0 0.6224233698187304 0.62467305786507 0.5047530794845388 0.6054224651261559 0.47403407523380636 0.7931940417204715 0.5917043655679979 0.8124446344593855
0 0.7801471911590603 0.6552510934886658 0.7233633326726112 0.6468724425001452 0.6796210432273938 0.9433230259095238 0.7364049017138429 0.9517016768980444
0 0.2369819649450181 0.5616879461998099 0.16425338112449028 0.5461671343204808 0.10201837649327677 0.8377925844633525 0.1747469603138046 0.8533133963426814
0 0.2034790613484082 0.5524854236468422 0.1234776360287431 0.5365935930332849 0.08634205909877218 0.7235386440289383 0.16634348441843727 0.7394304746424956
0 0.14415448390834434 0.736309068335323 0.08757494950055111 0.725603062498303 0.06704226643698413 0.8341150197645966 0.12362180084477736 0.8448210256016165
0 0.4515585998644702 0.25643548888372797 0.3447448250424724 0.23760134278501815 0.28722501314088444 0.5638124810049113 0.3940387879628823 0.5826466271036211
0 0.3789189457543517 0.7294237401255569 0.35145864931745185 0.7250885232314116 0.3413661409319796 0.789016875335604 0.36882643736887954 0.7933520922297493
0 1.0458987121277565 0.08854336459702403 0.0951777560520551 -0.07909438966309296 0.04872641508034201 0.18434425811967703 0.9994473711560434 0.351982012379794