0 0.47823780224844636 0.4232874962933749 0.0766372782319885 0.4159444802050466 0.06878006042053875 0.8456674649340697 0.4703805844369966 0.8530104810223981
0 0.5851063828125002 0.8579610546875 0.3156028359375001 0.8579610546875 0.3156028359375001 0.998854525390625 0.5851063828125003 0.998854525390625
0 0.9964539003906251 0.5143184414062503 0.9939199543746041 0.4455641476209334 0.46555115945272896 0.46503722965218325 0.46808510546875004 0.5337915234375001
0 0.980496453125 0.5211912949218751 0.9710560928838254 0.5102319405427962 0.5571889877403029 0.866736021840272 0.5666293479814775 0.8776953762193508
0 1.002413383120902 0.7489075348707073 0.9964539003906249 0.7308132871093749 0.530066320023377 0.8844217027492901 0.536025802753654 0.9025159505106225
0 0.3158034264061358 0.9610494449726409 0.31555693810826685 0.949794237531927 0.0015265605302560298 0.9566714820124113 0.001773048828124995 0.9679266894531251
0 0.9952033937080554 0.9331054259839396 0.99439262990256 0.9195961633158959 0.6471631210937501 0.9404352812500001 0.6479738848992455 0.9539445439180438
0 0.5370467056903705 0.06519202072872662 0.09677890398791507 0.0613848808516968 0.09338565538285268 0.4537891928115389 0.5336534570853081 0.4575963326885687
0 0.8380639900292115 0.3222832938933164 0.5862667749282425 0.2153838194466279 0.5439796025362647 0.31498947511432496 0.7957768176372336 0.4218889495610134
0 0.6894216578221277 0.44853769398523485 0.680256662152963 0.2811399677079144 0.543577111617676 0.28862314873179545 0.5527421072868407 0.4560208750091159
0 0.8885787573797007 0.44483018285149384 0.877658184066446 0.16262157774554856 0.7074786195002709 0.16920698434774972 0.7183991928135256 0.451415589453695
0 0.667133400110859 0.1425718942657314 0.4884256364709577 0.1402628195488661 0.4872509582498027 0.2311754766256763 0.665958721889704 0.23348455134254162