0 0.9471118285703835 0.8260655581007686 0.8867981255996802 0.376983819799258 0.5140383159420454 0.4270471435143093 0.5743520189127487 0.8761288818158199
0 0.693075292648178 0.9955603721570615 0.6906163616259205 0.8546883610915749 0.42127849215802204 0.8593896728546013 0.4237374231802795 1.000261683920088
0 0.5356833889843349 0.4773910082654412 0.008080578490077053 0.44730986059652167 0.0037665722183196255 0.522974587837656 0.5313693827125774 0.5530557355065755
0 0.44792547656250004 0.8692353945312501 0.029250884806815064 0.5184682820273901 0.019946568359375028 0.52957388671875 0.43862116011506 0.8803409992226101
0 0.47489700390625017 0.890531953125 0.007649958984375066 0.73944244921875 0.0018053696704981026 0.7575169482083387 0.46905241459237323 0.9086064521145887
0 1.0000273708747258 0.9478686132126188 0.6922592505459079 0.9471207196908225 0.6922318796711823 0.9583841982750787 1 0.9591320917968751
0 0.36054594726562517 0.9429365507812502 0.012801267578125119 0.932967357421875 0.012419495146710334 0.9462843156842006 0.36016417483421037 0.9562535090435758
0 0.9010855676591328 0.45325184053420187 0.8976015442130258 0.057628570483384545 0.4620489155116047 0.06146422850778317 0.4655329389577116 0.4570874985586005
0 0.4512599554712867 0.3420943518852669 0.4150636691257452 0.2290205080019057 0.16456504179367865 0.3092081069432626 0.20076132813922015 0.4222819508266238
0 0.4481691151216697 0.4567402830503846 0.4427689159683579 0.28833047051572797 0.3064792224418901 0.292700711634756 0.3118794215952018 0.4611105241694126
0 0.2811449932725149 0.4504319709228746 0.26552394921875005 0.17242716015625004 0.09592746756447895 0.18195675823758994 0.1115485116182438 0.4599615690042146
0 0.5092717197998211 0.21830025508496836 0.4953421924302284 0.1252170803534754 0.3231617204317813 0.1509832040823893 0.33709124780137406 0.24406637881388227