0 0.3044998804408121 0.17461852863865224 0.29534564259650425 0.12722703524596402 0.2228457621556921 0.14123126051356183 0.23199999999999998 0.18862275390625002
0 0.5978456412142442 0.8518627345186289 0.5620000000000002 0.6586826347656252 0.5067898227726038 0.6689271900112144 0.5426354639868478 0.8621072897642181
0 0.7059999999999998 0.128742515625 0.6988535047413547 0.08458431762698647 0.6248535047413548 0.09656036450198648 0.632 0.14071856250000003
0 0.9339999999999999 0.9970059882812501 0.8739999999999999 0.7664670664062501 0.7378457993976469 0.8019025233334348 0.7978457993976471 1.032441445208435
0 0.49346489904838137 0.6507515272593485 0.4561065744635403 0.6495037591923821 0.45202897217576493 0.771587657496462 0.489387296760606 0.7728354255634283
0 0.5465955796055841 0.9959096142720423 0.5240000000000001 0.90119760546875 0.37558981944459136 0.9366040348264416 0.39818539905017525 1.031316043629734
0 0.9980000000000001 0.7185628750000002 0.876 0.718562875 0.8760000000000001 0.9970059882812501 0.9980000000000002 0.9970059882812502
0 0.44142322970439773 0.7081742103093226 0.41798783085509994 0.5834348956250369 0.3571357284822467 0.5948674844085776 0.3805711273315444 0.7196067990928633
0 0.3061211577081026 0.1403885166126472 0.23637493608433058 0.1216020343034252 0.18225377837622803 0.3225308829251531 0.25200000000000006 0.3413173652343751
0 0.38435056841849974 0.4632714784415922 0.3786332254047676 0.23218126712632237 0.2708473497575625 0.2348479695348888 0.27656469277129464 0.4659381808501586
0 0.8854444309708527 0.7456937608965744 0.828 0.5928143710937499 0.8055453309674423 0.6012517130198116 0.8629897619382949 0.7541311028226361
0 0.4740000000000001 0.838323353515625 0.39600000000000013 0.838323353515625 0.39600000000000013 0.91317365234375 0.4740000000000001 0.91317365234375
0 0.5420000000000001 0.8652694609375 0.3480000000000001 0.8652694609375 0.3480000000000001 0.99700598828125 0.5420000000000003 0.99700598828125