0 0.7933306835344456 0.3603716221428784 0.6330192669737229 0.29212476211491645 0.337811770673359 0.9855651913429533 0.49812318723408167 1.0538120513709153
0 0.38249156376423066 0.8305516776704053 0.3556040554422468 0.6465614345664861 0.22865322679080274 0.6651134588709516 0.2555407351127866 0.8491037019748708
0 0.5395865110479469 0.6674329106741144 0.5304155955714128 0.47355118061810964 0.4717373611430852 0.4763267548204803 0.4809082766196191 0.670208484876485
0 0.4778638105164851 0.30902287235350784 0.4298817394985096 0.14279994729862588 0.3551934709962739 0.16435953543787118 0.4031755420142493 0.33058246049275314
0 0.6655555546875 0.03355704687500008 0.60222222265625 0.03355704687500007 0.60222222265625 0.3036912753906251 0.6655555546875 0.3036912753906251
0 0.938888888671875 0.4060402675781251 0.886666666015625 0.4060402675781251 0.886666666015625 0.5989932890625 0.938888888671875 0.5989932890625002
0 0.36666123172471365 0.5712061109629445 0.359361643794422 0.4334202923051847 0.3210247976117877 0.43545129362597584 0.3283243855420794 0.5732371122837358
0 0.4333333339843751 0.635906041015625 0.3433333339843751 0.635906041015625 0.3433333339843751 0.847315435546875 0.4333333339843751 0.847315435546875
0 0.4333333339843751 0.654362416015625 0.0800000000000001 0.654362416015625 0.08000000000000011 0.9983221484375 0.4333333339843751 0.9983221484375
0 0.2412580022498015 0.7060705944777317 0.12605862493568482 0.06822170066437167 -0.0879701671011742 0.10687659810024193 0.0272292102129425 0.7447254919136019
0 0.17345941019446942 0.8396160562668247 0.024584112454847817 0.6531868505806059 -0.07018046146672874 0.7288622476076607 0.07869483627289287 0.9152914532938795
0 0.7918363658691785 0.7688422356419113 0.7443371202151056 0.7669358682192027 0.7411117813904232 0.8472987402061356 0.7886110270444961 0.8492051076288443
0 0.9622222226562501 0.9060402675781252 0.9155555546875002 0.9060402675781252 0.9155555546875003 0.9983221484375002 0.9622222226562502 0.9983221484375002
0 0.7233333339843753 0.95805369140625 0.6877777773437502 0.95805369140625 0.6877777773437502 0.9983221484375 0.7233333339843753 0.9983221484375
0 0.998888888671875 0.6006711406250003 0.97 0.6006711406250003 0.97 0.7298657714843753 0.998888888671875 0.7298657714843753