0 1.0836331323625767 0.13624743360963937 0.9568726150277618 0.10464248966511475 0.8666241342895478 0.46660940620631675 0.9933846516243628 0.49821435015084137
0 0.28008604834982315 0.3163425895608529 0.11521165209444045 0.2752347856648301 -0.03315443354170061 0.8702986537300332 0.13171996271368208 0.9114064576260561
0 0.5099273886718751 6.938893903907228e-17 0.37727003678218995 -0.03307519305342348 0.2971215166820208 0.2883829588972609 0.429778868571706 0.32145815195068445
0 0.836530455192548 0.07061287258794957 0.781572638671875 0.05691034960937513 0.7678700689360556 0.1118683536631101 0.8228278854567286 0.12557087664168454
0 0.55248832421875 0.35406627539062513 0.5278524870156364 0.3479238713737254 0.5080071444299429 0.42751919396013005 0.5326429816330566 0.43366159797702986
0 0.7138209986498879 0.03800474562832176 0.6891851607949736 0.03186234342228317 0.6806802175353783 0.06597381904376719 0.7053160553902926 0.07211622124980578
0 0.7931984827949045 0.46239188522261016 0.7022325445358134 0.43971152955734705 0.5639506660946464 0.9943298522274828 0.6549166043537374 1.0170102078927459
0 0.7408305437305043 0.05077715066260233 0.5892215995968293 0.012976793536391362 0.5098409300106925 0.33135525383494013 0.6614498741443675 0.3691556109611511
0 0.852804720191992 0.33634885476054055 0.8111123557669908 0.32595378024960553 0.7785095925948545 0.45671631417899844 0.8202019570198558 0.4671113886899335
0 0.44277068554687515 0.6407252167968751 0.4276101688734866 0.636945275842761 0.4181600731703615 0.674847543420886 0.4333205898437501 0.6786274843750001
0 0.8067991974324082 0.24637473290267103 0.7556305629909882 0.23361696012851013 0.7277528515625001 0.34542835937500016 0.7789214860039202 0.35818613214916106