0 0.7980249531915905 0.3706937723586775 0.6401929753373993 0.2968936993879416 0.32096459117245196 0.9796091118771708 0.4787965690266432 1.0534091848479068
0 0.3710270588777062 0.8262493295549156 0.35057709647812685 0.6414328070186233 0.22305614691016926 0.6555430098729773 0.2435061093097486 0.8403595324092696
0 0.5337190713447384 0.668712464270034 0.5313201188575348 0.4746287825470328 0.47258076335895227 0.47535482464247886 0.4749797158461558 0.6694385063654801
0 0.484542300125117 0.3083666706203595 0.4423905566666435 0.14057045102224247 0.3669953683955055 0.15951032131026163 0.409147111853979 0.32730654090837863
0 0.6827627471410082 0.3072070806738868 0.6732823883970527 0.03572616393135883 0.6176829007557869 0.037667748242860274 0.6271632594997424 0.30914866498538823
0 0.9419006662430796 0.42141450115944534 0.8897102529800416 0.41959197883316085 0.8829763157102721 0.6124274595995978 0.9351667289733101 0.6142499819258823
0 0.3642574021340706 0.5665092775836984 0.36177091349062257 0.4285526431626433 0.32338654198773714 0.42924447146237205 0.32587303063118517 0.5672011058834271
0 0.42863089247938546 0.6334966161087862 0.33868571717769896 0.6303556626407057 0.331307638628955 0.841636273831026 0.4212528139306415 0.8447772272991064
0 0.42798677404783025 0.6519417485616568 0.07486868342881409 0.6396105926137673 0.0628646613351327 0.9833607957076422 0.41598275195414885 0.9956919516555317
0 0.2342238607917094 0.6969150954340583 0.1413552634300899 0.055434362042444854 -0.07166662989949106 0.08627401693938701 0.021201967462128435 0.7277547503310005
0 0.1618059006110597 0.828013069176939 0.021659975922775798 0.6393720351778791 -0.07568790361859229 0.7116940973800863 0.06445802106969162 0.9003351313791461
0 0.7822761290217489 0.7788634064828673 0.7348723493103065 0.775300499733091 0.7288443500700208 0.855501854457065 0.7762481297814632 0.8590647612068413
0 0.9477700577721871 0.9219242449985988 0.90134455713963 0.9203030245970127 0.8985614667968751 1.0000000000000002 0.9449869674294322 1.0016212204015864
0 0.7062159863281252 0.964599447265625 0.6712676523437502 0.964599447265625 0.6712676523437502 1 0.7062159863281252 1
0 0.9950716070503111 0.6180207850846821 0.9662003170581587 0.6170125773922848 0.9616914893047226 0.7461285071513528 0.990562779296875 0.7471367148437501