0 0.7309173382332589 0.8732826382530279 0.3175000000000001 0.824250681640625 0.30773175558027416 0.9066125102565659 0.7211490938135329 0.9556444668689688
0 0.6432104812007945 0.629882414425915 0.32916666601562505 0.581289736328125 0.3159561848148307 0.6666661773709601 0.6300000000000001 0.7152588554687501
0 0.6373975881854554 0.4751340484275193 0.30499999999999994 0.4064486835937501 0.29010241181454444 0.4785444261818557 0.6224999999999999 0.547229791015625
0 0.6382363227000566 0.35933329923589663 0.35049456789663425 0.28872122931483557 0.33492654184608783 0.35216039969487745 0.6226682966495102 0.4227724696159385
0 0.661666666015625 0.27475022656250003 0.404531302573946 0.2049188660665809 0.38782228907006683 0.2664453525843822 0.6449576525117457 0.33627671308030127
0 0.691335998176326 0.20791808655182709 0.47862675134453186 0.1492552084670182 0.4664574191838308 0.19338071957144118 0.6791666660156249 0.25204359765625006
0 0.7335738919988394 0.15787765139300242 0.5667977862858727 0.11172452416438225 0.5536377018034473 0.15927899712480895 0.7204138075164139 0.2054321243534291
0 0.7765188389198906 0.112387135749131 0.6160198669742725 0.06747248104556647 0.6061071730783394 0.10289470993743388 0.7666061450239575 0.14780936464099842
0 0.8492281672118206 0.0871146993273668 0.6859409113956408 0.047216587932362955 0.6758794101994452 0.08839434954249623 0.839166666015625 0.12829246093750007
0 0.9069113754699443 0.07113843192939559 0.7592385909309732 0.030900615635129136 0.752327215461029 0.056265363393233625 0.9 0.09650317968750008
0 1.002517709269261 0.04363491222980809 0.8777022162209612 0.003147211052688559 0.8601845069517001 0.057150808588505575 0.9849999999999999 0.0976385097656251