0 0.15234408593750004 0.00585880664062501 0.0019530800781250009 0.005858806640625 0.0019530800781250236 0.378906841796875 0.15234408593750007 0.378906841796875
0 0.9277341152343751 0.3750000000000001 0.75781231640625 0.3750000000000001 0.7578123164062501 0.9882809316406251 0.9277341152343752 0.9882809316406252
0 0.748046919921875 0.003906841796875084 0.6113284453125 0.003906841796875075 0.6113284453125 0.3437496367187501 0.748046919921875 0.3437496367187501
0 0.333984359375 0.0019534199218750373 0.2773440859375 0.001953419921875034 0.2773440859375 0.058593886718750036 0.333984359375 0.05859388671875004
0 0.509765396484375 0.3457030566406251 0.4843753671875 0.3457030566406251 0.4843753671875 0.4277350800781251 0.509765396484375 0.4277350800781251
0 0.4296871953125 5.10668139319719e-17 0.404297166015625 4.951212302653812e-17 0.404297166015625 0.035155750000000055 0.4296871953125 0.035155750000000055
0 0.31835972656250006 0.392577875 0.22460899218750005 0.392577875 0.22460899218750008 0.9902343515625 0.3183597265625001 0.9902343515625
0 0.531250244140625 0.0058588066406250585 0.375 0.005858806640625048 0.375 0.33398398828125 0.531250244140625 0.33398398828125003
0 0.24023460351562506 0.255858806640625 0.19726588476562507 0.255858806640625 0.19726588476562507 0.390624455078125 0.24023460351562506 0.390624455078125
0 0.537109482421875 0.6503901015625 0.52148484765625 0.6503901015625 0.52148484765625 0.689452693359375 0.537109482421875 0.689452693359375
0 0.316406646484375 0.17968704492187507 0.2636715546875 0.17968704492187507 0.2636715546875 0.294921396484375 0.316406646484375 0.294921396484375