0 0.423846154296875 0.265412748046875 0.36076923046875 0.265412748046875 0.36076923046875 0.415882966796875 0.423846154296875 0.415882966796875
0 0.4223076914062501 0.415882966796875 0.35923076953125005 0.415882966796875 0.3592307695312501 0.599791013671875 0.42230769140625013 0.599791013671875
0 0.8677141796197401 0.6005821731316745 0.8669075682877184 0.2631041343801302 0.7464886748759713 0.26339194938692223 0.7472952862079929 0.6008699881384666
0 0.47705971427386157 0.6037903562941813 0.35786030411439784 0.6012652031937509 0.35382954027906766 0.7915367045857122 0.4730289504385314 0.7940618576861427
0 0.25591139854556527 0.6062203106558886 0.19724517670563763 0.6039621479431849 0.18570999305948102 0.9036419003997699 0.2443762148994087 0.9059000631124735
0 0.8316716530288548 0.9021605473782721 0.8246029025049841 0.604489953857004 0.7499055712406012 0.6062637830863569 0.7569743217644719 0.903934376607625
0 0.8671077980867965 0.7920245378667734 0.8645116861639788 0.6015886681264017 0.7829598911596679 0.6027004208000262 0.7855560030824856 0.7931362905403979
0 0.8684504432776328 0.9041272678631239 0.8668877932467561 0.7937459550695874 0.809221832832128 0.7945623225555495 0.8107844828630046 0.904943635349086
0 0.6984615390625 0.2685475449218751 0.59 0.2685475449218751 0.59 0.599791013671875 0.6984615390625 0.599791013671875
0 0.6081329929039765 0.7488301093188574 0.5801079065141702 0.7464029602993636 0.5745617279445413 0.8104419345439515 0.6025868143343476 0.8128690835634453
0 0.99923076953125 6.222147772908027e-17 2.5593455739825376e-19 1.036239553280678e-18 1.6635745513320012e-17 0.2675026132812501 0.99923076953125 0.26750261328125013