0 0.9773281580532267 0.47069463263673483 0.5804694539563212 0.14473189400698885 0.3023561350991356 0.483334066076481 0.6992148391960411 0.809296804706227
0 0.613016517578125 6.654808036314797e-17 0.409923216796875 5.411220232664654e-17 0.409923216796875 0.18020692773437505 0.613016517578125 0.18020692773437505
0 0.24043843109214633 0.3962294182217574 0.12185210364618798 0.17873668328783024 0.05969072664388877 0.21262972072618758 0.17827705408984712 0.4301224556601147
0 0.15698616179607738 0.5418707246464308 0.14189677739948814 0.3909899517278711 0.04338046387731266 0.4008424365429734 0.0584698482739019 0.5517232094615331
0 0.3520195292968751 0.16515458789062504 0.03543161718750004 0.165154587890625 0.0354316171875001 1 0.35201952929687513 1
0 0.4693521564494546 0.7203931208802071 0.3628081438233125 0.6940999664262948 0.2888946366085657 0.9936091660445493 0.3954386492347078 1.0199023204984616
0 0.40100633075346065 0.5730223987150032 0.38988204337221555 0.5252051478930879 0.3438081857637415 0.5359238492820086 0.35493247314498655 0.5837411001039239
0 0.7634805028624936 0.9639450492211271 0.7173619140282237 0.5251559926427192 0.4081277621708828 0.5576578121143141 0.45424635100515265 0.996446868692722
0 0.9344285298843755 0.9560833000594208 0.9033326268833717 0.6602255293598065 0.7246294734490402 0.6790079865926417 0.755725376450044 0.974865757292256
0 0.7976764179378837 0.17519055197701358 0.7225062955656785 0.1389716832832281 0.6570590057173507 0.2748036671152387 0.7322291280895559 0.31102253580902417
0 0.044138751953125 0.045911486328125 5.8605143688558146e-18 0.045911486328125 1.1638779951791275e-17 0.140277724609375 0.044138751953125006 0.140277724609375
0 0.4966143871606564 0.4677339359297382 0.4352585244043131 -0.00007509913105971378 0.1050738263604472 0.043230535217774965 0.1664296891167905 0.5110395702785729
0 0.8626735840484082 0.055937113650771475 0.8542129243695543 0.007721591565081898 0.8406338298849909 0.01010439470007049 0.8490944895638448 0.05831991678576007
0 1 0.5053476464843752 0.86600890234375 0.5053476464843751 0.86600890234375 0.763992666015625 1 0.7639926660156251
0 0.768423791015625 9.100859968221388e-17 0.717143755859375 8.786860313650062e-17 0.717143755859375 0.09168438085937508 0.768423791015625 0.09168438085937508
0 0.695261669921875 8.408813616750601e-17 0.67800180859375 8.303127447104524e-17 0.67800180859375 0.008245343750000083 0.695261669921875 0.008245343750000085
0 0.63751759375 7.683897888703995e-17 0.617358162109375 7.560456971547388e-17 0.617358162109375 0.010107425781250077 0.63751759375 0.010107425781250078
0 0.66304184765625 7.964222746159119e-17 0.637614431640625 7.808524727988502e-17 0.637614431640625 0.00667758593750008 0.66304184765625 0.006677585937500082
0 0.9978844421032838 0.39918784872708996 0.9882263888125241 0.36986998823384326 0.8895827386629093 0.40236573021199634 0.8992407919536689 0.43168359070524304
0 1 0.8331900410156252 0.929896642578125 0.8331900410156252 0.9298966425781251 0.9559199746093752 1 0.9559199746093752