0 1.038001727619133 0.6944820040932579 0.9964267275083859 0.5036765058724245 0.028407688125424324 0.7146001534864614 0.06998268823617129 0.9054056517072948
0 0.42942220394601094 0.6250865044395885 0.3993227958415236 0.48706080484206055 0.3486148093420489 0.4981187482848761 0.3787142174465363 0.6361444478824041
0 0.16988105667086623 0.6766797289423293 0.1678963834912628 0.6433265492192706 0.12442143827155752 0.6459135156937932 0.12640611145116099 0.6792666954168519
0 0.835313223561915 0.42131954338070465 0.7473267017868614 0.19322793293799603 0.5727695941122672 0.2605634773080454 0.6607561158873205 0.48865508775075406
0 0.9569598563354786 0.4934058353929234 0.9411821640113968 0.40271692982225027 0.9074608063655262 0.4085836364754941 0.9232384986896081 0.4992725420461672
0 0.7527241365548323 0.567493962843344 0.7439001863572864 0.45523410136624665 0.7119441951540497 0.4577459348139309 0.7207681453515956 0.5700057962910282
0 0.8938629941263735 0.047909904497609845 0.8793888377137489 -0.003551735729933392 0.8622610625291374 0.001265640784421318 0.876735218941762 0.052727281011964555
0 0.7335995519318183 0.1498632717032391 0.7269773949703547 0.12465931561120414 0.6633889276312802 0.14136672496077535 0.6700110845927437 0.1665706810528103
0 0.6909969271412416 0.009419628522542259 0.6898500804129724 0.0005494578929340493 0.6732810295034463 0.0026917122665633952 0.6744278762317155 0.011561882896171605
0 0.7342148712718894 0.04006481716913053 0.7340198089915713 0.010680818807513252 0.7253922590973254 0.010738091801311429 0.7255873213776436 0.04012209016292871
0 0.5458828725008532 0.0001961392686422002 0.5173949128284241 -0.001421965146440305 0.5096482496146002 0.13496393626651268 0.5381362092870293 0.13658204068159518
0 0.3065309813265935 0.044394448032829145 0.29097333670391556 0.03385507681991835 0.2506469389381166 0.09338270448185185 0.26620458356079457 0.10392207569476264
0 0.2779335981277305 0.1793988791249186 0.26875173734514385 0.11573861453666758 0.2589224656814022 0.11715631213177552 0.26810432646398885 0.18081657672002655
0 0.20980161030610484 0.21330726137731457 0.20344470969607284 0.0795169555396357 0.17383996387464645 0.0809235927813533 0.18019686448467845 0.21471389861903217
0 0.7567170041440826 0.1186657919684884 0.7448041948561294 0.06892345427587038 0.7267898632241964 0.07323771265486506 0.7387026725121496 0.12298005034748308
0 0.6170243908480791 0.5686053214513629 0.5966898239544728 0.433183645886225 0.5868715271810109 0.4346579358157216 0.6072060940746172 0.5700796113808596
0 0.6187902128402014 0.5885105079003391 0.615127681640625 0.569668412109375 0.6089235779091098 0.5708743673138369 0.6125861091086862 0.589716463104801
0 0.9343570026095293 0.11415150114806974 0.924798679637387 0.06497823020763438 0.9051523483964492 0.06879709309039933 0.9147106713685914 0.11797036403083469
0 0.9349823113281122 0.11736844640192551 0.9181882547974486 0.030970549224367094 0.8964738901571949 0.03519139578671354 0.9132679466878585 0.12158929296427196
0 0.9527906463693522 0.2635158118558741 0.9466809729776764 0.22717590958744122 0.9228199491552477 0.23118756215791805 0.9289296225469235 0.2675274644263509
0 0.7703203141373676 0.49072670810369023 0.7642458517296497 0.4491701324458631 0.7457871074701782 0.451868308277796 0.7518615698778961 0.4934248839356231
0 0.9172378309623188 0.5376520748087321 0.8886522071661369 0.39059182364889444 0.8310919070961044 0.4017804151984148 0.8596775308922863 0.5488406663582525
0 0.911318125896774 0.4132786874867177 0.9023467177802258 0.3875197330227538 0.882654958031816 0.3943780398489546 0.8916263661483642 0.4201369943129185
0 0.9988532966930693 0.445956198947166 0.98384584765625 0.3687495664062501 0.9614421379441247 0.3731044064073631 0.976449586980944 0.45031103894827895
0 0.5023931098395535 0.6116385960513478 0.4748325895597232 0.49751292466521846 0.4270426383711081 0.5090538505840649 0.4546031586509386 0.6231795219701943