0 0.7906485329775259 0.4023039269186526 0.37306407458863483 0.3454667150697949 0.3375403091071631 0.6064607344098291 0.7551247674960542 0.6632979462586868
0 0.5476275978030641 0.5792227335077573 0.4964209631892742 0.5643558069888822 0.47445660485757213 0.6400083549576817 0.5256632394713621 0.6548752814765568
0 0.903877731323685 0.7898860543464339 0.7701722977625483 0.6596889982705699 0.5488607416445715 0.8869641645047582 0.6825661752057083 1.0171612205806222
0 0.5555819820214299 0.8259949195319166 0.28235784608942016 0.8056156278634627 0.27733350646153654 0.8729766959413308 0.5505576423935463 0.8933559876097846
0 0.4628822972586342 0.47895132858345507 0.4523142200627329 0.42232857973813376 0.3441447370336179 0.4425173460944827 0.3547128142295192 0.499140094939804
0 0.58760663671875 0.46268120312500005 0.5726984815711486 0.45741043551028326 0.5632709070221417 0.4840759526258062 0.5781790621697431 0.48934672024052295
0 0.5325392838073546 0.5105288293041216 0.49917918945312506 0.505840375 0.4980847744624036 0.5136275442854203 0.5314448688166331 0.5183159985895418
0 0.566331713888136 0.22537818693250744 0.5328050275251631 0.1822104160524508 0.4581819295251268 0.24016720073406295 0.4917086158880998 0.2833349716141196
0 0.6319536970589373 0.014078682772751441 0.5500732526502166 0.0015018684121181625 0.5082296202200797 0.2739218247548829 0.5901100646288004 0.2864986391155162
0 0.4876552246093751 6.245004513516506e-17 0.43388896100561847 -0.002025935380963701 0.42444439701460884 0.24862318301372457 0.4782106606183655 0.25064911839468834
0 0.5149532511220172 0.34943381730104056 0.49650865429687496 0.30826412890625005 0.4693000605761072 0.3204539598456108 0.48774465740124945 0.36162364824040133