0 0.7754200153109855 0.3632822206916353 0.3528951057898144 0.36144501529595324 0.35174954130623115 0.6249046866611215 0.7742744508274022 0.6267418920568035
0 0.5581897629521091 0.5718232622274766 0.5054123915242635 0.5642276054822115 0.4941905880733056 0.6422007562819338 0.5469679595011512 0.6497964130271989
0 0.8941034592980235 0.8131981302657222 0.7978723398437502 0.6264744433593751 0.5444332798782657 0.7570884262877952 0.6406643993325392 0.9438121131941423
0 0.6046804871149581 0.8853413983197506 0.603907379369405 0.820496263354961 0.32917061289063104 0.8237717769654777 0.32994372063618416 0.8886169119302673
0 0.46031411541118006 0.48432195779032083 0.4419685222708186 0.42972104958329793 0.3376614706075831 0.4647676228789095 0.35600706374794455 0.5193685310859324
0 0.5815602832031251 0.45085190039062517 0.5660636631147034 0.44770724087375846 0.5604389588583216 0.47542531480302364 0.5759355789467433 0.47856997431989023
0 0.5336879433593751 0.511140236328125 0.5330345299174444 0.5031845812284519 0.5 0.5058977714843751 0.5006534134419307 0.5138534265840482
0 0.5274662075957699 0.21881919628324933 0.48825800737597497 0.1807375450120471 0.42242716416123693 0.24851582655293303 0.4616353643810318 0.28659747782413525
0 0.5602836875 6.459794729884268e-17 0.47695035546875 5.949525238212497e-17 0.47695035546875 0.2752293574218751 0.5602836875 0.2752293574218751
0 0.44370622098024304 0.25613734970211377 0.41816632856502284 -0.0027714533296001875 0.36444483889695733 0.002527868479630435 0.38998473131217753 0.2614366715113444
0 0.4938529642588063 0.3488180272886832 0.46985815625000005 0.31061599023437503 0.44461085118923716 0.32647389427262186 0.4686056591980433 0.36467593132693