0 1.0004929895173746 0.6162275540373854 0.000018833126933991313 0.6118250343664793 -0.0008486067023626503 0.8089510431768937 0.999625549688078 0.8133535628477998
0 0.647120787109375 0.4681647949218751 0.595154494140625 0.4681647949218751 0.595154494140625 0.6095505625 0.647120787109375 0.6095505625
0 0.9009356148077721 0.6046879860002937 0.8965197367920466 0.5715689045668509 0.8533499331286291 0.5773248790289921 0.8577658111443546 0.6104439604624349
0 0.3701949701609606 0.264884458241848 0.18303768099882023 0.2448318862343614 0.15675033919368783 0.49018034476079697 0.34390762835582817 0.5102329167682836
0 0.0845685843302642 0.5799700745917001 0.0824895148096904 0.48797110085455814 0.04824699289666902 0.48874494191739815 0.05032606241724282 0.5807439156545402
0 0.2871216792021098 0.6122564018396304 0.2840197477801513 0.49903588552684 0.25441611576685086 0.4998469437991098 0.2575180471888093 0.6130674601119003
0 0.06272799473480577 0.12534139847381998 0.01989104956285657 -0.006464590900470944 -0.006711506948303433 0.002181239688199692 0.03612543822364576 0.1339872290624906
0 0.2703556204630032 0.17788372479252332 0.20541983861423277 0.1767293126909893 0.2049604478185937 0.20257008519268965 0.26989622966736415 0.20372449729422368
0 0.12369564593203028 0.03425377520831777 0.10693297827502601 0.008178516135242779 0.056178506258812544 0.040806393163433693 0.07294117391581682 0.06688165223650869
0 0.23525280859375 0.04588015039062503 0.21875 0.04588015039062503 0.21875 0.05477528125000003 0.23525280859375 0.05477528125000003
0 0.18868704873869466 0.06296935309212685 0.1810015418520028 0.06242038766015962 0.17887043893294943 0.09225579296417027 0.1865559458196413 0.0928047583961375
0 0.21782872890923252 0.041245019677885325 0.048869545945512495 0.03521076404254405 0.04785344958937546 0.06366146625340881 0.2168126325530955 0.06969572188875008
0 0.4196253724646443 0.14414686216333833 0.3882460684147537 0.010261919987751278 0.3595386153878344 0.016990233735299162 0.390917919437725 0.1508751759108862
0 0.6595394938147601 0.062372727539901474 0.6218802063620155 0.0010020301521266872 0.6060655457740469 0.01070647990420881 0.6437248332267915 0.0720771772919836
0 0.6678077945525202 0.14204441529225748 0.6621146410416293 0.07794370110407543 0.6513012488750984 0.07890410072453512 0.6569944023859893 0.14300481491271716
0 0.7574086344495344 0.1600649041071176 0.7424002167064636 0.02704909116417835 0.7110582773046299 0.030585459577928686 0.7260666950477007 0.16360127252086792
0 1.0271547780420884 0.13696691057431765 0.972867850060383 0.01632931520541636 0.9363685130725429 0.03275401989535798 0.9906554410542484 0.15339161526425926
0 0.953046582477489 0.01902076494706534 0.9514840465096205 -0.0007713602098038258 0.9398769106543068 0.0001449924867416852 0.9414394466221753 0.01993711764361085
0 0.19422010650257324 0.12410370606316957 0.17591001235881035 0.12395604424546146 0.17549825663194027 0.1750138345411709 0.19380835077570316 0.17516149635887904
0 0.4082238360179569 0.589238117559169 0.4021434629997854 0.45242970351150785 0.392149679761373 0.45287387158680714 0.39823005277954454 0.5896822856344682
0 0.4066011230468751 0.5903558046875 0.4002808984375001 0.5903558046875 0.4002808984375001 0.6095505625 0.4066011230468751 0.6095505625
0 0.025458015503352107 0.20218978628794734 0.01752856978112197 0.15385792784789273 -0.00240965739574615 0.15712904332532793 0.005519788326483987 0.20546090176538254
0 0.02327949483115681 0.11969803470593164 0.0024294360212001624 0.11867262209445546 -0.0018988913063805856 0.20668195445373255 0.01895116750357606 0.20770736706520873
0 0.03470220925109827 0.3534522483756057 0.03317223492123016 0.3167328758060773 0.009025640586296693 0.31773898421428154 0.010555614916164802 0.35445835678380994
0 0.25295122190755936 0.5403372667353847 0.24717835995759907 0.4992858158732727 0.22873600680490358 0.5018792725367298 0.23450886875486388 0.5429307233988419
0 0.15625000000000006 0.466760298828125 0.09761235937500005 0.466760298828125 0.09761235937500007 0.616573033203125 0.15625000000000006 0.616573033203125
0 0.10216980820842757 0.4955861314706257 0.1012048534874006 0.4685673563413187 0.08016427680984783 0.4693188043141067 0.08112923153087478 0.4963375794434137
0 0.022823033203125058 0.463483146484375 5.676031518008336e-17 0.463483146484375 6.157634192770959e-17 0.54213483203125 0.022823033203125065 0.54213483203125
0 0.5733785569147063 0.49498822250329383 0.5242588993504392 0.4927555110780875 0.5189278544232833 0.6100385143024867 0.5680475119875503 0.612271225727693