0 0.6223940555555022 0.25951811881724013 0.48544605716456035 0.24830945187605394 0.4450821879087449 0.7414770275478689 0.5820301862996867 0.7526856944890552
0 0.5461788041711522 0.3048324630498621 0.4238559404923632 0.2777175615979021 0.32441607046752596 0.7263184789508735 0.44673893414631494 0.7534333804028335
0 0.46204102828148474 0.3138940903920278 0.3624068854359523 0.2517784292979847 0.21615167030572882 0.48637325996599823 0.3157858131512613 0.5484889210600414
0 0.9535951629404449 0.7615511942520894 0.7854146006147953 0.37751315113813644 0.6733921572015578 0.4265707845266632 0.8415727195272074 0.8106088276406161
0 0.7914802375966634 0.6730252733659136 0.7271518586121606 0.4219764632480205 0.649821005314414 0.44179160770457604 0.7141493842989168 0.6928404178224691
0 0.9453993454418401 0.3951111391908838 0.8489690572504666 0.15343122268800263 0.7301372065290607 0.20084513186668632 0.8265674947204342 0.4425250483695675
0 0.9509190882564655 0.34144429638057966 0.7917000044464261 0.19617386651826613 0.6974672126744484 0.2994547529658169 0.8566862964844879 0.44472518282813045
0 0.8912115500819753 0.10238087701223261 0.8240433901071694 0.09207314768580979 0.8094114964449752 0.1874188191827619 0.8765796564197811 0.19772654850918472
0 0.8295068228897887 0.06690579148037284 0.6081301096053012 -0.0019222413420001971 0.5240978309989626 0.26835701675747914 0.7454745442834501 0.3371850495798522
0 0.7756364945804499 0.30596426446559555 0.7300329761068927 0.1345224683716014 0.6382753769927035 0.15892999011734313 0.6838788954662608 0.3303717862113372
0 0.30705137221142115 0.2837380212875209 0.22404435100022652 0.23957828646028761 0.12780908215961456 0.4204716508151698 0.2108161033708092 0.46463138564240314