0 0.5895929672614175 0.7324341598145621 0.4841747875467686 0.2493278225629153 0.34873468094916465 0.278882080905091 0.4541528606638135 0.7619884181567378
0 0.7125006659522877 0.6802225393623791 0.49827621907180186 0.27628399944139637 0.3832154195997113 0.33730525314339965 0.5974398664801971 0.7412437930643825
0 0.7787247079564723 0.43702687451069333 0.5904618252928822 0.2371283373969689 0.5037459709030223 0.3187966525121689 0.6920088535666123 0.5186951896258933
0 0.2665102754838268 0.4387716861137776 0.14562230732605655 0.42542814211542923 0.09968791854722639 0.8415780741521647 0.22057588670499662 0.854921618150513
0 0.32272682015331217 0.7190740564765575 0.3216696873125053 0.4600894808428208 0.24117252166857034 0.46041805715739803 0.24222965450937722 0.7194026327911347
0 0.232398285474065 0.24431006851460002 0.11008819324710248 0.21023113962886159 0.040277518227814696 0.4607833247830397 0.1625876104547772 0.4948622536687781
0 0.22692417362464193 0.2689540375167369 0.1047311852689655 0.23220166455554692 0.0370212877341593 0.4573211345220578 0.15921427608983574 0.4940735074832478
0 0.14586822394350973 0.23922124887658927 0.1155151372577626 0.1477046749374615 0.05087168734341816 0.1691448158262688 0.08122477402916528 0.2606613897653966
0 0.4502934280813025 0.24596135949059622 0.30305996112720535 0.01540502682065456 0.09714406606373677 0.14690308970211344 0.24437753301783394 0.3774594223720551
0 0.3056875108423038 0.18308437373288855 0.2114137273407769 0.17655290653937034 0.19914573274746236 0.3536264846529979 0.2934195162489892 0.36015795184651606
0 0.8548640086185318 0.3537700773564425 0.717242246420752 0.2042328126548873 0.6452493306986214 0.2704891531544258 0.7828710928964014 0.42002641785598094