0 0.4414855725983155 0.040080082960963256 0.21711130230736883 -0.04223757800863259 0.12657607641805263 0.20453541098633266 0.3509503467089993 0.28685307195592846
0 0.6981217558499477 0.2124815547369353 0.4893791279506239 -0.005399982944198939 0.350974221024683 0.12719961357674955 0.5597168489240069 0.3450811512578838
0 0.5215515323885467 0.34364577431375465 0.5144086054753569 0.22324606099192038 0.27836343119429546 0.23724986034976303 0.28550635810748515 0.35764957367159733
0 0.36674820175534306 0.48937758111222684 0.36425727849919975 0.4162745938862742 0.2374456254087325 0.4205955950904614 0.23993654866487585 0.49369858231641406
0 0.3710962285898274 0.5758849307823535 0.3072125719294395 0.5473773357777199 0.28350527239891266 0.6005038441102181 0.3473889290593005 0.6290114391148517
0 0.7300884343345918 0.5435690248027643 0.46020456462505566 0.5171856415649025 0.4416126700504942 0.7073679395582 0.7114965397600304 0.7337513227960617
0 0.6630207841140809 0.4639777798223767 0.46249154315540525 0.4521917332127231 0.4579245106400177 0.5298957839496454 0.6584537515986935 0.5416818305592991
0 0.8842288291409921 0.5980102260509372 0.7763521410669187 0.5731049305356481 0.7578415242171915 0.6532832218846047 0.8657182122912649 0.6781885173998938
0 1.0164644053434895 0.35018970623454154 0.9905649160561185 0.3340289820719981 0.9238459560251292 0.4409540785718317 0.9497454453125002 0.45711480273437516
0 0.9144628417968751 0.5305582031250002 0.8990129263831598 0.5248442673918742 0.8795035689612848 0.577595634579374 0.8949534843750001 0.5833095703125001
0 1 0.46707163476562513 0.955165296875 0.46707163476562513 0.955165296875 0.5719846835937502 1 0.5719846835937502