0 0.972938882312812 0.3113010073829042 0.9021255494234967 0.026584596377681846 0.690531140625 0.07921136718749999 0.7613444735143153 0.3639277781927224
0 0.744496621942564 0.17240393785398783 0.6458589512116609 0.01850183529267574 0.3913961994023917 0.18159001088301863 0.4900338701332948 0.3354921134443307
0 0.788234772916695 0.3195495946090557 0.5693603779671819 0.23034920994141456 0.5240388921445989 0.341556272832359 0.742913287094112 0.4307566575000002
0 0.75571966796875 0.5549314648437501 0.7482312823689932 0.4771786296412105 0.6294095651640299 0.48862236457046704 0.6368979507637867 0.5663751997730067
0 0.6776504576480136 0.6594092349562193 0.6705117406551659 0.6016727586369981 0.6010846810006775 0.6102569356099519 0.6082233979935251 0.667993411929173
0 0.5330319687326986 0.5280697686391317 0.26722698355146735 0.47439391940648723 0.22940258040284622 0.6617018998509511 0.4952075655840776 0.7153777490835955
0 0.5498473018547041 0.46524713940990814 0.3546343270311629 0.4178891138510507 0.3362833352398321 0.49353313946812044 0.5314963100633734 0.5408911650269779
0 0.21434931846882688 0.48911304550317736 0.10390472566706409 0.48139000899278556 0.09816465440308711 0.5634768711421498 0.2086092472048499 0.5711999076525416
0 0.11591249220083255 0.31502716171872314 0.049112448884604816 0.13572593863226856 0.010287860252707316 0.15019033635193701 0.07708790356893505 0.32949155943839153
0 0.11691842918366482 0.4613338372437894 0.10856352911153509 0.40595608104545217 0.08959184406849527 0.40881835903603775 0.097946744140625 0.464196115234375
0 0.07392708693061499 0.34102071556807617 0.013652525390625017 0.3128986796875 -0.030385997492721945 0.4072873885610261 0.02988856404726803 0.43540942444160224