0 0.28398832042400046 0.3189658925847085 0.27415941377600683 0.2684005499374106 0.22835014631176287 0.27730496924807624 0.23817905295975644 0.3278703118953741
0 0.8249287155009264 0.4991566848880797 0.8243511828938556 0.34469303172040267 0.7657914280240143 0.3449119839930302 0.7663689606310852 0.4993756371607072
0 0.48698982307444283 0.5330096322679543 0.4664557732360678 0.43932273529855403 0.21193955398321357 0.4951069367170287 0.2324736038215886 0.5887938336864289
0 0.49357013352215784 0.41701897705082464 0.4663330708492064 0.3024029462508621 0.29018900423333494 0.3442613752018549 0.3174260669062864 0.4588774060018174
0 0.3957613672443367 0.49527485273290334 0.38869337961108724 0.4420873385774263 0.1829991631143476 0.4694216519311212 0.19006715074759706 0.5226091660865981
0 0.18217631284568236 0.5170223693142757 0.12427493641468146 0.4892828593079884 0.10247151467835028 0.5347936894976003 0.16037289110935118 0.5625331995038876
0 0.5207080130793 0.42378759466337484 0.43187156310802177 0.22609902409405402 0.08741003356899639 0.38089168280870256 0.17624648354027456 0.5785802533780234
0 0.5015567135212259 0.5048289043622265 0.4544725276296457 0.4556096351605133 0.3504639416011639 0.5551064314013439 0.39754812749274415 0.6043257006030571
0 0.9217495196340022 0.4503083589802791 0.8878758631461076 0.24702668840850653 0.4699352362540074 0.3166698450583819 0.503808892741902 0.5199515156301544
0 0.30780093745439874 0.4486049287645626 0.2803985856517011 0.3301906218925683 0.22580503515625 0.34282416015625006 0.2532073869589476 0.46123846702824434
0 0.7693777964868158 0.6082711990422077 0.7534137583198899 0.5192260746289625 0.703769460578612 0.5281263200846711 0.7197334987455379 0.6171714444979163
0 0.5316800529520967 0.5471038880968982 0.46284260061584903 0.5307819460390367 0.4422516547141625 0.6176238336061409 0.5110891070504102 0.6339457756640025
0 0.29536191782705945 0.30845009471561147 0.25857383779129767 0.2033428889139668 0.051271800823613156 0.2758997024014803 0.08805988085937498 0.381006908203125