0 0.6957226976385014 0.6426746011900608 0.6578994981127728 0.15045052971917475 0.06210594165611254 0.19623215615338008 0.0999291411818411 0.6884562276242662
0 1.0510704567608589 0.1677999423607877 0.6519763612544279 -0.09844504997214842 0.5355535865060843 0.07606956372032969 0.9346476820125154 0.34231455605326583
0 0.6103011040325645 0.899070399204263 0.5954100459897775 0.7351565751283743 0.43534348833850145 0.7496981210543039 0.45023454638128857 0.9136119451301926
0 1.0466678314617588 0.8628028965122456 0.9465437986516342 0.7935336927647487 0.8392349728475649 0.948641472475741 0.9393590056576896 1.017910676223238
0 0.27192255783352093 0.0968916086129212 0.15182912657674744 0.04355328010510815 0.09543270598607363 0.1705321309392148 0.21552613724284714 0.22387045944702783
0 0.11780821874999998 0.8706365507812499 0.11000506758963352 0.7474358360224631 -0.0046121968931120486 0.7546953380642951 0.0031909542672544228 0.8778960528230819
0 0.8383561640625 0.535934291015625 0.710958904296875 0.535934291015625 0.710958904296875 0.6386036953125 0.8383561640625 0.6386036953125
0 0.09041095898437503 0.164271046875 2.0368868761247072e-17 0.164271046875 2.791289420179908e-17 0.28747433203125 0.09041095898437503 0.28747433203125
0 0.8015784654940704 0.411305986213219 0.7325345328908057 0.300418469246313 0.6633022194535834 0.34352585692778004 0.7323461520568482 0.45441337389468606
0 0.7794520546875 0.739219712890625 0.694520548828125 0.739219712890625 0.694520548828125 0.87679671484375 0.7794520546875 0.87679671484375
0 0.99863013671875 0.5523613964843752 0.9027397265625 0.5523613964843751 0.9027397265625 0.7268993847656251 0.99863013671875 0.7268993847656252
0 0.491159678054891 0.010338415271448936 0.4176386857871286 -0.024695560277755324 0.3737594068570093 0.067387855217166 0.44728039912477174 0.10242183076637026
0 0.0561643828125 3.439076581870737e-18 0 0 3.646278927055147e-18 0.05954825390625 0.056164382812500004 0.05954825390625
0 0.23930742709383826 0.8885384216295025 0.21866615151384936 0.8310770825154877 0.17862725697380544 0.8454598635098414 0.19926853255379434 0.902921202623856
0 0.043721861735132185 0.45038124997181206 0.03966926636476129 0.40178339901656684 -0.00131286880787089 0.40520091662287977 0.002739726562500003 0.453798767578125