0 0.717524414680681 0.6065201640801788 0.5948020226250992 0.12834201219274266 0.01600980459322289 0.2768865770576561 0.1387321966488047 0.7550647289450924
0 0.9571933701036608 0.045342264813646296 0.5012146996988706 -0.019688729290649035 0.47099862510157814 0.19217771546381168 0.9269772955063684 0.25720870956810704
0 0.6779232294228297 0.873854037610609 0.6347950641633193 0.7150162391855504 0.47968539068302046 0.757132131608746 0.5228135559425309 0.9159699300338047
0 1 0.7354659394531252 0.931284244140625 0.7354659394531252 0.9312842441406252 0.9100978281250002 1 0.9100978281250002
0 0.205388528924198 0.14262096340465683 0.07785748366028421 0.11094696897508374 0.04436749693448489 0.24578986106791262 0.1718985421983987 0.2774638554974857
0 0.187974931640625 0.931372654296875 0.15889674812617072 0.8113986388237812 0.047281377463755714 0.8384509319253938 0.07635956097821 0.9584249473984876
0 0.8572840520588955 0.5777430627464798 0.839455698591905 0.47663343778272393 0.7139938888710429 0.4987557381187566 0.7318222423380333 0.5998653630825125
0 0.058302574218750035 0.249093521484375 3.050515837741823e-17 0.249093521484375 3.7947048514110184e-17 0.370628810546875 0.05830257421875004 0.370628810546875
0 0.7815952566352112 0.3602848962027711 0.6943448418750088 0.2630713638602908 0.6336498418565303 0.3175459189749664 0.7209002566167327 0.41475945131744674
0 0.8406366123635713 0.8225459868454503 0.8167466181749486 0.6870590875947549 0.733105412975849 0.7018072877320877 0.7569954071644717 0.8372941869827831
0 1 0.4751157890625001 0.92033291796875 0.4751157890625001 0.92033291796875 0.5799511015625002 1 0.5799511015625002
0 0.40626514057458757 0.01931258198802753 0.3277775128946628 -0.0024223629969938737 0.30055497527173425 0.09588165382585134 0.37904260295165904 0.11761659881087275
0 0.3107369221855322 0.9279044405087133 0.2804311769604951 0.8749003887084831 0.24349810748136924 0.8960173440354364 0.2738038527064064 0.9490213958356667
0 0.04203754578529463 0.5303669390055626 0.029607592353131013 0.48321112281032247 -0.010158486635288608 0.4936931916172598 0.00227146679687501 0.5408490078125