0 0.8785439935785331 0.48823172107461116 0.643969752296495 0.1447034553755755 0.059498768376316624 0.5438026017746576 0.29407300965835476 0.8873308674736933
0 1.080004006372055 0.23095396557624276 0.7325975268662485 -0.09905486859793644 0.5911980633316035 0.04979899452214426 0.93860454283741 0.37980782869632346
0 0.5751000976844814 0.9071651915711104 0.5745517366315287 0.7425772671770517 0.413826900934989 0.743112757496057 0.4143752619879416 0.9077006818901157
0 0.969082674186744 0.8594997136134847 0.8312529973919656 0.8474411790246729 0.8179872551953651 0.9990693014912903 0.9558169319901435 1.0111278360801021
0 0.3079236723103002 0.07854730015216897 0.19293597421059736 0.014945106617549678 0.1256872222713523 0.13652549175572407 0.24067492037105512 0.20012768529034336
0 0.08738446484375009 0.710944900390625 8.715998757694508e-17 0.710944900390625 9.48122579215897e-17 0.835915958984375 0.0873844648437501 0.835915958984375
0 0.8339367383216809 0.5652872360787629 0.7070242632092015 0.5541838299539158 0.6980760324078766 0.6564625457015589 0.824988507520356 0.667565951826406
0 0.12123027580838233 0.12985056024659195 0.03116335694947015 0.12197072553428243 0.02042548260436812 0.24470518541409414 0.11049240146328031 0.25258502012640366
0 0.8081610613474859 0.43792778708279523 0.7490443440702208 0.3214446572459665 0.6763184248860079 0.3583540157871122 0.735435142163273 0.4748371456239409
0 0.7575392823408288 0.7626652616653178 0.6729309682462392 0.7552629937191293 0.6609403431728532 0.8923164724332964 0.7455486572674428 0.899718740379485
0 0.9921691021046775 0.5956206251688819 0.8966435847455002 0.587263224856732 0.8814315959220728 0.7611370430472251 0.97695711328125 0.7694944433593751
0 0.5338701380088031 0.011431240555500072 0.46368232718763214 -0.02987719698981864 0.4119444231815725 0.05803148303898453 0.48213223400274346 0.09933992058430324
0 0.0929838984375 8.25524074347863e-18 0.041364337890625 5.0944542636224566e-18 0.041364337890625 0.019317914062500007 0.0929838984375 0.01931791406250001
0 0.20643608626569526 0.8643390616617624 0.19088144382146346 0.8052973745620494 0.1497413675505082 0.8161358042878532 0.16529600999474 0.8751774913875662
0 0.04998110510603651 0.3620366759991451 0.008857063160737037 0.3618693595716229 0.00865865429687505 0.41063548828125 0.049782696242174525 0.4108028047087722