0 0.724166666015625 0.2295632695312501 0.6775 0.22956326953125009 0.6775 0.2810750273437501 0.724166666015625 0.2810750273437501
0 0.238333333984375 0.5498320273437501 0.20832465645183476 0.398474357707688 0.1509158517351865 0.40985641923395777 0.18092452926772676 0.5612140888700199
0 0.7814777008900271 0.4392816295853984 0.5212385677831087 0.4343562030406012 0.5194177013132185 0.5305632436527963 0.7796568344201369 0.5354886701975935
0 0.6722131036598488 0.4222271680432632 0.6688027614369669 0.3030751861432915 0.49218462832245946 0.30813031210160435 0.4955949705453413 0.4272822940015761
0 0.8059028964282035 0.41463897148952894 0.5998022332588531 0.40994482141306415 0.5985786257922548 0.46366835095875875 0.8046792889616052 0.46836250103522353
0 0.8967842267492341 0.4557120866898139 0.8612598163439038 0.4159311118260415 0.8151759864595549 0.45708397174129467 0.8507003968648853 0.4968649466050671
0 0.8814541131289896 0.29818065146042794 0.5030039655871692 0.2418546547359785 0.4707562777208158 0.4585244509334168 0.8492064252626361 0.5148504476578663
0 0.6546394876817372 0.530009657565018 0.5371679731013101 0.4469273106068816 0.4981848402082114 0.5020462116936535 0.6156563547886384 0.5851285586517899
0 0.5000680162656126 0.5203117221104783 0.49453134827434825 0.31430151019605873 0.07098092671725253 0.32568472290153316 0.0765175947085169 0.5316949348159526
0 0.7391666660156251 0.2933930566406251 0.6832661262511267 0.2911444457402527 0.6783781594031623 0.41265945979045604 0.7342786991676606 0.4149080706908284
0 0.3063212974227252 0.5667823751133628 0.25510671047262456 0.5660350767300224 0.253780091404125 0.6569522379978433 0.3049946783542256 0.6576995363811837
0 0.5621190318640381 0.5602073245977586 0.48143877187436274 0.5471972923045767 0.4688935392178361 0.6249951493391029 0.5495737992075114 0.6380051816322848
0 0.9003257782946976 0.1990615517688503 0.6814207884783111 0.1603561233716788 0.6620240020156689 0.27005787630165323 0.8809289918320554 0.30876330469882474