0 0.46278569570476147 0.7595608279491114 0.09836823566928217 0.7051481640716151 0.06352366236772136 0.9385124214651304 0.4279411224032007 0.9929250853426267
0 0.6986339121148675 0.5669736015748578 0.6578739399163858 0.5560805902148811 0.641239064206653 0.6183257352025354 0.6819990364051347 0.6292187465625121
0 0.15830380075450073 0.5088381330127826 0.14980140655133972 0.4540355048098723 0.11525932237709434 0.4593945619551026 0.12376171658025535 0.5141971901580128
0 0.5492727925382694 0.8391269338898788 0.5140411021305924 0.8203201079367031 0.49726724490783536 0.8517433446958522 0.5324989353155123 0.870550170649028
0 0.8131141289062502 0.978091787109375 0.7893541113281253 0.978091787109375 0.7893541113281253 1 0.8131141289062502 1
0 0.8543522019567973 0.9398696561576257 0.836724137172524 0.9331615336883368 0.8233333119736236 0.9683508635197164 0.8409613767578968 0.9750589859890053
0 0.9136903505859694 0.49140789371243865 0.8864927830490184 0.47554642127212077 0.8642497381258883 0.5136864312113328 0.8914473056628394 0.5295479036516507
0 0.6716473939666361 0.4365505577742613 0.657757908861383 0.43372391725434223 0.6516713234884969 0.4636320489332061 0.66556080859375 0.46645868945312513
0 0.7775990776768927 0.17744922682843925 0.7592485281022928 0.17699903026402888 0.7585556473780793 0.20524167599726714 0.7769061969526793 0.2056918725616775
0 0.49261001571384194 0.07091374243187756 0.4760444087512786 0.06873155469708163 0.4730741319799761 0.09127976939870572 0.4896397389425394 0.09346195713350164
0 0.47993789418928245 0.13393056792999491 0.46726696353293695 0.12342937752038746 0.45363894769009594 0.13987319360148928 0.46630987834644144 0.15037438401109673
0 0.7712557075268636 0.7579585684360098 0.7682438684265136 0.7312008826524297 0.7549582150528227 0.7326963128113836 0.7579700541531726 0.7594539985949638
0 0.8149096437020518 0.7458446958088243 0.8025681864661167 0.7424591465288854 0.7936626270257905 0.7749228834019894 0.8060040842617255 0.7783084326819283
0 1.0717756129173572 0.08432779679192604 0.08437306103609461 -0.0720614023888838 -0.07165402134564189 0.9130548339836551 0.9157485305356207 1.0694440331644648