0 0.47458778913616634 0.940782189319553 0.20309592777588276 0.626358983176097 0.04778788500602649 0.7604612656792942 0.31927974636631007 1.0748844718227504
0 0.47186217965108684 0.19740931198286008 0.3094574169360292 0.06891923132528815 0.06706010781187227 0.3752967919090462 0.22946487052692993 0.5037868725666181
0 0.7713218244032123 0.745897767560344 0.623326933688653 0.7419537038244836 0.6183777854859751 0.927662834416331 0.7663726762005345 0.9316068981521914
0 0.44250000000000006 0.382739212890625 0.38000000000000006 0.382739212890625 0.3800000000000001 0.57035647265625 0.4425000000000001 0.57035647265625
0 0.745 0.587242025390625 0.70125 0.587242025390625 0.70125 0.724202626953125 0.745 0.724202626953125
0 0.57875 0.793621013671875 0.5125 0.793621013671875 0.5125 0.894934333984375 0.57875 0.894934333984375
0 0.7285058024548182 0.3987610786361915 0.701557353489848 0.397379970612575 0.6953040788626444 0.519395084038586 0.7222525278276146 0.5207761920622025
0 0.7139201411374214 0.3536772863062762 0.7071385272788261 0.3524222168148693 0.7007183861414046 0.3871126609773432 0.7074999999999999 0.38836773046875006
0 0.8377551621313404 0.795682048585854 0.8175 0.795497185546875 0.8158914820291667 0.9717400541610997 0.8361466441605071 0.9719249172000787
0 0.932541740578347 0.12218860542813992 0.8940759140207623 0.12097784052664973 0.8852841734424151 0.4002901725985099 0.9237499999999998 0.4015009375000001
0 0.39375 3.429011037612589e-17 0.165 2.0283212610878037e-17 0.165 0.14634146289062502 0.39375 0.14634146289062505
0 0.72 8.673617379884035e-17 0.5547668480183534 -0.0032861667984613006 0.5521685279366264 0.12736107154682763 0.717401679918273 0.13064723834528902