0 0.5211415507812501 0.7660112578125 0.1535208906250001 0.7660112578125 0.1535208906250001 1 0.5211415507812502 1
0 0.7118100791784634 0.583990597175757 0.7023768115436338 0.5214826616203919 0.6598467193077423 0.5279010105712991 0.6692799869425718 0.5904089461266642
0 0.16626811758583668 0.5738744600622833 0.14746510119274464 0.5217010437538073 0.11458020952198816 0.533552580435139 0.1333832259150802 0.5857259967436149
0 0.6135620459962763 0.8239317589424893 0.5757005214597216 0.8112602736338921 0.5644140006786305 0.8449836196409848 0.6022755252151852 0.857655104949582
0 0.903023258766437 0.9318034893184576 0.8984857584561684 0.9094256921801841 0.8751988636090559 0.9141475283797466 0.8797363639193244 0.93652532551802
0 0.9317728406711246 0.8641744226427637 0.9131886809571875 0.8609531419941644 0.9067583269147772 0.8980510355270599 0.9253424866287143 0.9012723161756593
0 0.9044502426152945 0.41262991636639307 0.8747258591880692 0.4022494027189016 0.8601689370250775 0.4439328444624229 0.8898933204523027 0.4543133581099144
0 0.6563870236070549 0.4049644351786185 0.6422133796343766 0.4048399664161834 0.6419453618866967 0.4353599785031899 0.656119005859375 0.435484447265625
0 0.7156620125884837 0.15826294864583412 0.7109532119967229 0.13040699137202605 0.6928539119461867 0.1334665162682879 0.6975627125379475 0.16132247354209597
0 0.4119510564173365 0.1031380693198246 0.41133162705349824 0.08062911236180692 0.3944758258955808 0.08109297118066318 0.395095255259419 0.10360192813868085
0 0.4104571509297244 0.14448432672919276 0.39601529972027416 0.1365937995720261 0.38577529738442307 0.15533584141196408 0.4002171485938733 0.16322636856913073
0 0.8154927906055652 0.7014611157881574 0.8074306821236676 0.6757697287353442 0.7946744649500239 0.6797727047701201 0.8027365734319215 0.7054640918229332
0 0.8560332452445658 0.6812402430171096 0.8432725422930064 0.6802717575463273 0.8407249778527207 0.7138383045448933 0.8534856808042801 0.7148067900156755
0 1.013787927489499 0.9827939364513736 0.9853438121918412 -0.014097247617225379 -0.014103992604816762 0.014419815275840507 0.014340122692841073 1.0113109993444396