0 0.3909494759294825 0.927834901365078 0.1844404610022196 0.5673854443248363 0.0063979430699085404 0.6693897178096103 0.2129069579971714 1.0298391748498519
0 0.530116175530283 0.1975998065301276 0.3952123090727798 0.04048216074338071 0.09880892735733517 0.29497911443860714 0.2337127938148384 0.452096760225354
0 0.7194173712557197 0.793150576451346 0.5748941252470244 0.7610402218187406 0.5346009369445804 0.942393010728637 0.6791241829532757 0.9745033653612425
0 0.46593084528449474 0.3739221032758151 0.40457914333787603 0.36199654356478833 0.36878009098126063 0.5461667496913537 0.43013179292787934 0.5580923094023805
0 0.7105287079818371 0.6274719808012802 0.6607238723170478 0.6255651827394811 0.6555459047276806 0.7608117146258828 0.7053507403924699 0.7627185126876819
0 0.5092276135813434 0.8006465480143105 0.43834637931676 0.7997848877468836 0.4371863613628717 0.8952093925650372 0.508067595627455 0.896071052832464
0 0.7436248036317512 0.4442220844406317 0.7174350008469227 0.4377243450017932 0.6880150366426594 0.5563045170291439 0.7142048394274879 0.5628022564679824
0 0.7379095149918525 0.39718353391132444 0.7314919780803643 0.394657531203644 0.7185705451197617 0.42748559299544475 0.72498808203125 0.4300115957031252
0 0.775130855064662 0.8546962601337476 0.755283109375 0.8506499257812501 0.7248444154103358 0.9999552980778357 0.7446921610999978 1.0040016324303331
0 0.9966845429148418 0.21166292061671746 0.9591564676320036 0.20313477527635193 0.897230950107787 0.4756378097377596 0.9347590253906252 0.4841659550781251
0 0.48882346484375006 6.938893903907228e-17 0.2658265737636803 -0.045921516509022764 0.23827581230281447 0.08786618519840098 0.46127270338288423 0.13378770170742382
0 0.8113624785156252 0.05116438671875012 0.6497921552451789 0.016410623574663524 0.6223129045566326 0.1441617220260987 0.7838832278270789 0.1789154851701853