0 0.9218784176438792 0.8894633441484752 0.848748063595662 0.4505583224663305 0.7964235027362827 0.4592766407175057 0.8695538567844998 0.8981816623996505
0 0.8157284474570398 0.6180810791431055 0.7969168594715385 0.5054295781515707 0.774749472306139 0.5091312931788914 0.7935610602916403 0.621782794170426
0 0.8325022730739697 0.73032152191267 0.8213822014693433 0.6401526855160897 0.7993850779668502 0.6428654807369096 0.8105051495714767 0.7330343171334899
0 0.8583476667562622 0.8712636045060254 0.8405135415373087 0.7644655640276115 0.825031946126414 0.7670508241120685 0.8428660713453674 0.8738488645904824
0 0.5360981356809613 0.8397825850355252 0.4991944526136507 0.6067819230952523 0.43334856413881934 0.6172108883150316 0.47025224720613 0.8502115502553045
0 0.43606221000492684 0.4448694105720531 0.38823051737936787 0.2793106340814778 0.36245579439843567 0.2867572258796665 0.41028748702399465 0.4523160023702418
0 0.46236066276453025 0.49251169967888575 0.38610035190303 0.27968097247937074 0.35598971643922683 0.29047004627017897 0.4322500273007271 0.5033007734696939
0 0.45000363406423755 0.7145684551926983 0.42863046651735803 0.6111777946573095 0.3976534000313535 0.6175814488044805 0.41902656757823303 0.7209721093398693
0 0.3880131828754172 0.7145217345603285 0.3803539303020187 0.6661631058891946 0.35319250149333437 0.6704650525989506 0.36085175406673287 0.7188236812700846
0 0.410690693359375 0.372940869140625 0.39292687758927364 0.3034934496460963 0.3760465257125088 0.30781124090538076 0.3938103414826102 0.37725866039990946
0 0.43918371216569063 0.6623247113297133 0.4274995308279219 0.6148117864931473 0.41363001755000617 0.6182225196518233 0.42531419888777483 0.6657354444883893
0 0.42689432761010143 0.5707985060357244 0.34105357546601983 0.5430929634839314 0.28745410476548167 0.7091614990795688 0.37329485690956327 0.7368670416313617