0 0.9113845531406038 0.8181768447093154 0.774383763823774 0.6642674729948158 0.4640587452911337 0.9404999857400184 0.6010595346079635 1.094409357454518
0 0.9237046479829957 0.475848285489708 0.7775719052114177 0.11571008994557036 0.5752957889668847 0.1977873703610364 0.7214285317384626 0.5579255659051741
0 0.3433004090858275 0.722054521857462 0.19594198814844332 0.7064503523798479 0.1763806479028067 0.8911784286899157 0.3237390688401909 0.9067825981675298
0 0.6200166650555213 0.39682119085384854 0.5614118953201322 0.3941978365622205 0.5530914171479951 0.5800742577999397 0.6116961868833842 0.5826976120915677
0 0.28856680896967773 0.5583844053916731 0.24524258023962314 0.5522955816360638 0.22618134702659498 0.6879232924623745 0.2695055757566496 0.6940121162179838
0 0.44675750245809787 0.7890238500675433 0.3811522434336737 0.7798036317090754 0.36705215354465526 0.8801309790096037 0.4326574125690794 0.8893511973680716
0 0.31656221835055803 0.3710889351026867 0.2892608658782316 0.3668727086947879 0.2706343892665641 0.4874848281815376 0.29793574173889054 0.4917010545894364
0 0.31642718079714965 0.32521631591396377 0.3086265765863269 0.32487777161793296 0.30708289409790546 0.36044669497754506 0.3148834983087282 0.36078523927357586
0 0.14446462890625011 0.748433966796875 0.12442547734120939 0.7457739713973325 0.10123100655818344 0.9205101816824696 0.12127015812322416 0.9231701770820121
0 0.16252024073722787 0.06987407463653438 0.12431730913282645 0.06566233457538165 0.09369306832913572 0.3434420075545138 0.13189599993353712 0.34765374761566653
0 0.9013263542737965 0.051488954886809005 0.6748025332031249 0.019653107421875093 0.6544357376164336 0.16457038547908068 0.8809595586871052 0.1964062329440146
0 0.5111527334984883 0.0009562340180127235 0.34616048342283035 -0.012962799725637783 0.33611413794649436 0.10612370984865109 0.5011063880221523 0.1200427435923016