0 0.8458444096686566 0.5667932388953874 0.7935321572475389 0.5580013593491304 0.7197847635593377 0.9968031256516708 0.7720970159804554 1.0055950051979277
0 0.7789727067045946 0.6018004412424506 0.7568078697639717 0.59808348672499 0.7379188371114158 0.710722026352868 0.7600836740520387 0.7144389808703285
0 0.7577982301418631 0.7367908768413708 0.7364607285156252 0.7330285000000001 0.7207447971716485 0.8221579850963873 0.7420822987978865 0.825920361937758
0 0.7358603124041054 0.8609174678531673 0.7203804981631392 0.8583215649089432 0.7024729540670515 0.9651073200297695 0.7179527683080177 0.9677032229739937
0 0.46447355130328016 0.6007020343673116 0.3988197004096824 0.5891254880420606 0.35785521588568825 0.8214466037970295 0.423509066779286 0.8330231501222806
0 0.46616930980651705 0.25494552197782266 0.4393744572337051 0.25359498307512096 0.43069954083200934 0.4257063569866077 0.4574943934048213 0.4270568958893094
0 0.46684925936991556 0.48066550384855256 0.46403462766859305 0.25460216745237124 0.4320518822878069 0.25500037288664973 0.4348665139891294 0.48106370928283104
0 0.39820890915143353 0.5829915188496365 0.36866467431527555 0.577782070416181 0.35037234925777955 0.681522947037072 0.3799165840939375 0.6867323954705274
0 0.33277500195854937 0.6181573534848627 0.30569278841415704 0.613382027761872 0.297190725081757 0.6615996171144588 0.32427293862614925 0.6663749428374495
0 0.4623378468505772 0.27925169344305245 0.44501494259616625 0.2786102985113024 0.44236250233535934 0.35024785971424716 0.4596854065897703 0.3508892546459972
0 0.39407039606921984 0.5849528314210256 0.37984608907714174 0.5836622727250979 0.37542500915116855 0.6323906244862295 0.38964931614324666 0.6336811831821573
0 0.40782748986478645 0.5431404238837071 0.33568350793788215 0.48899730321025303 0.23093758456741034 0.6285679062446153 0.3030815664943146 0.6827110269180694