0 0.20086951460825886 0.5063070120539473 0.14804290310505142 0.5055704991061002 0.14184167373871331 0.9503555304288167 0.19466828524192076 0.9510920433766639
0 0.23006252332578514 0.5520002328534568 0.20758940342059148 0.551808984181669 0.2066174922163816 0.66601567029999 0.22909061212157522 0.6662069189717778
0 0.22666666601562513 0.6884272988281251 0.2054260432871378 0.6878405701519811 0.20292604328713776 0.7783450213238561 0.2241666660156251 0.7789317500000001
0 0.22016138751206485 0.9228123815950685 0.2192532561608494 0.8144834454314718 0.2032842283923105 0.814617315247595 0.20419235974352595 0.9229462514111917
0 0.584166666015625 0.60534124609375 0.5175 0.60534124609375 0.5175 0.841246291015625 0.584166666015625 0.841246291015625
0 0.6032808679022987 0.26846904546544925 0.5767716644708214 0.2644603776855208 0.5510483956637192 0.43456760611296824 0.5775575990951965 0.4385762738928968
0 0.602277429474956 0.26843574341226223 0.5714508345614776 0.2637865411889377 0.5376574593469375 0.4878539485543436 0.5684840542604159 0.49250315077766815
0 0.6160402822109065 0.5995347777203989 0.5863001623890682 0.5992135460496084 0.5851615988023244 0.7046235058185579 0.6149017186241627 0.7049447374893484
0 0.671666666015625 0.64540059375 0.644166666015625 0.64540059375 0.644166666015625 0.694362017578125 0.671666666015625 0.694362017578125
0 0.5928328513637346 0.2927892749682668 0.5761043634940253 0.2891967506032971 0.561117123540616 0.35898440860938147 0.5778456114103254 0.3625769329743511
0 0.6038318661654007 0.6032810672147164 0.5895793115476008 0.6020495008067637 0.5853675474154617 0.6507910042636379 0.5996201020332617 0.6520225706715906
0 0.7338154049853475 0.6797115485739731 0.6783561407193404 0.5217266848450421 0.5854321813374199 0.5543468631226773 0.640891445603427 0.7123317268516084