0 0.6698253183184923 0.18024970360068301 0.6483483850250125 0.0952194446805602 0.5007116070231729 0.1325095255656301 0.5221885403166527 0.2175397844857529
0 0.7574043669922986 0.14858925513787538 0.6833234828477838 0.14271341778723012 0.6804127374726067 0.17941126662897822 0.7544936216171215 0.1852871039796235
0 0.7463856690536534 0.34769595278516596 0.7124842485403716 0.24330027270398838 0.6452311058272998 0.26514003724388796 0.6791325263405816 0.36953571732506557
0 0.7154464233740138 0.4142587574621113 0.7124353519992066 0.3711984395546176 0.6875554888491316 0.3729382094258306 0.6905665602239388 0.4159985273333243
0 0.7305357738754096 0.2305824941400756 0.7300678518666889 0.21184886698400276 0.6768552344841917 0.21317799319151526 0.6773231564929124 0.2319116203475881
0 0.6862266219924721 0.5875723181876581 0.6725428803849794 0.49505677876832394 0.5673800470315572 0.5106111499296654 0.5810637886390498 0.6031266893489995
0 0.7522615876546987 0.1629646663608646 0.7282840078125 0.15517818945312511 0.722514981146325 0.1729432581920425 0.7464925609885238 0.180729735099782
0 0.5979680154459153 0.16909541404701747 0.4918261843644124 0.1596044629059502 0.4878851197984528 0.20367926670842193 0.5940269508799556 0.21317021784948917
0 0.42129063867187494 0.22568558007812503 0.42056729790552155 0.2192571030659938 0.36278903949503755 0.22575838939529658 0.36351238026139093 0.2321868664074278
0 0.4369605253884624 0.21124686045001323 0.4267870238435737 0.14983959338025554 0.34719212043351677 0.16302628791084928 0.3573656219784055 0.224433554980607
0 0.7170928292804247 0.16465105812226788 0.7096255478542389 0.14822312796724163 0.6774679378922084 0.16284030257864746 0.6849352193183942 0.1792682327336737
0 0.34614889728640197 0.3570175313974162 0.32860681223264504 0.23898364678165618 0.217243252300003 0.25553439444693066 0.23478533735375995 0.3735682790626907
0 0.5731699430576036 0.31567944617837573 0.4796567887577034 0.3154355255784434 0.4794991456392135 0.37587201707508183 0.5730122999391136 0.37611593767501417
0 0.537749985783488 0.3103561641969907 0.5376075402347047 0.30146530986836 0.4747612888262168 0.3024722062182444 0.47490373437500005 0.31136306054687507
0 0.4417699305431515 0.3482966975593988 0.4402643934082444 0.3267665388516384 0.4201235487741907 0.32817492556799055 0.4216290859090978 0.3497050842757509
0 0.6308134354930296 0.354831422667793 0.6268834433519687 0.2849782767508919 0.4079463315882867 0.297295848383835 0.4118763237293477 0.3671489943007361
0 0.36752015943033595 0.5603187483533124 0.35607286266488225 0.47411974962864156 0.2931309212026767 0.4824784903747271 0.3045782179681304 0.568677489099398
0 0.6975433358281621 0.6338244945293495 0.6907267181222382 0.5397966077456757 0.2654526477197748 0.5706271502297919 0.2722692654256986 0.6646550370134657
0 0.8195185097233597 0.8471915626111738 0.811148367868935 0.6407204076038776 0.6440255041836986 0.6474954076086661 0.6523956460381234 0.8539665626159623
0 0.7923128790627927 0.884311306719091 0.7908645434614983 0.8600525179942159 0.6212756816660043 0.8701775736557772 0.6227240172672988 0.8944363623806523