0 0.49371385714662935 0.1341316810434632 0.3456089177605481 0.09688950107846299 0.32422478341034205 0.18193006327803052 0.4723297227964233 0.21917224324303075
0 0.31415553004717783 0.1809420702840898 0.3096642746406823 0.14446657978002764 0.235957389230073 0.15354216568776144 0.2404486446365685 0.1900176561918236
0 0.35069492895842613 0.26773343717678105 0.2830822888365783 0.2470471255523753 0.25097206587930365 0.35199850540498695 0.3185847060011515 0.3726848170293927
0 0.3088659428934022 0.3759949410408233 0.28399635411163665 0.37558486430036164 0.283284447432552 0.4187592865801914 0.30815403621431753 0.4191693633206531
0 0.318784202010334 0.22158339820592673 0.26569658206667 0.21448339319596768 0.26323774685220064 0.2328684097116957 0.3163253667958646 0.23996841472165475
0 0.4322416234277206 0.5108699381299355 0.3269229599699266 0.49871076013739035 0.3161920463721088 0.5916582832755624 0.4215107098299028 0.6038174612681074
0 0.26999280833528794 0.178616913393983 0.265732791015625 0.15921481250000005 0.2418724349174218 0.16445370548314048 0.24613245223708471 0.18385580637712343
0 0.5068993855619067 0.20359878945376209 0.5025871198855113 0.15970864582243877 0.39644534131180903 0.17013721840629062 0.40075760698820445 0.21402736203761394
0 0.6320626213416287 0.22277220523797572 0.5739266560320799 0.2222988660831055 0.5738739917478197 0.22876714357779143 0.6320099570573685 0.22924048273266165
0 0.6466017441126682 0.16007579572860883 0.566859412445936 0.1489173867256831 0.5582186165960835 0.21066787537893078 0.6379609482628158 0.22182628438185653
0 0.3145727194122039 0.1617871158681924 0.28130488788140096 0.1549975270738123 0.27739188575819845 0.17417057265237923 0.3106597172890014 0.1809601614467593
0 0.7702622586805006 0.24472984581531215 0.6587762994532456 0.23888711547171837 0.6523378486184866 0.3617401011546269 0.7638238078457417 0.36758283149822074
0 0.5178418980352701 0.3162265793651931 0.42374947208588015 0.3157309678106719 0.42343299110133126 0.3758152481939707 0.5175254170507213 0.37631085974849193
0 0.521800275390625 0.31095380078125007 0.5217875323774465 0.30206181470586885 0.45893327898522684 0.30215189048562346 0.4589460219984054 0.3110438765610047
0 0.5774491630800952 0.32757123777950414 0.5567569532563726 0.3255381889984789 0.5546963818682559 0.34651052174209906 0.5753885916919784 0.3485435705231243
0 0.5879049239263839 0.2936884122096968 0.3691357750273815 0.2879928331115763 0.3672933582136467 0.35876069557370516 0.5860625071126492 0.3644562746718257
0 0.7067462663999206 0.4795876799047649 0.6437095582219133 0.4709089974869195 0.6318654068947114 0.5569377602509279 0.6949021150727186 0.5656164426687733
0 0.7337117983113817 0.6311323492988494 0.3206515875645737 0.5280397361391652 0.2977007548683983 0.6199966232501056 0.7107609656152063 0.7230892364097898
0 0.35873601551078277 0.6547226046296749 0.19153699993697187 0.6450280635081895 0.17973671605465777 0.8485442303788224 0.3469357316284687 0.8582387715003078
0 0.3852758546625554 0.8736446053850038 0.21567488190475784 0.8647561393118414 0.2143947135061798 0.8891830543616932 0.3839956862639773 0.8980715204348556