0 0.4012886002699761 0.646418479190392 0.3918715708620583 0.3427192831025167 0.28450894405092064 0.3460483568274904 0.2939259734588384 0.6497475529153657
0 0.3992315072499208 0.6328819868266228 0.3902422916908619 0.3452268057761473 0.2882265480955268 0.34841479462532166 0.2972157636545857 0.6360699756757972
0 0.21501795313411276 0.39999093426460897 0.2143429175156943 0.24698270659499608 0.1279792715170233 0.24736372229639658 0.12865430713544176 0.40037194996600944
0 0.22023809570312505 0.4375 0.19411375585937504 0.4375 0.19411375585937504 0.501488095703125 0.22023809570312505 0.501488095703125
0 0.8056069559051676 0.3288958290336646 0.8055071267209507 0.30813133827650324 0.21259397479063868 0.31098187947016365 0.21269380397485557 0.331746370227325
0 0.8606924623272583 0.39089150125985395 0.8039566486447518 0.3861942183162358 0.8027874374702312 0.40031645624598006 0.8595232511527376 0.40501373918959815
0 0.6328468085275323 0.4647325358498857 0.6248680549569513 0.4637869053937058 0.6226696001231451 0.48233636014144343 0.6306483536937261 0.48328199059762333
0 0.5000175308717076 0.6470228083842756 0.49972302598426316 0.6353735076411643 0.42844033327391695 0.6371755987585915 0.42873483816136143 0.6488248995017029
0 0.42775077750082413 0.643896992083934 0.42541624658922095 0.6361152131863649 0.40335269018704695 0.6427342722882452 0.4056872210986502 0.6505160511858143
0 0.5896253939983551 0.6490388531794616 0.5895900064224663 0.6383753863885457 0.5065866279327323 0.6386508398046747 0.5066220155086212 0.6493143065955906
0 0.8425227988124889 0.46354093508908545 0.7990642006176436 0.45946031479347715 0.7850637022817785 0.6085655947825979 0.8285223004766238 0.6126462150782062
0 0.8423823898336 0.4043283015284841 0.8017795213085738 0.4024931455886232 0.7999094142717627 0.4438693079593937 0.840512282796789 0.4457044638992546