0 0.3975409324059159 0.6447226502550524 0.3959774875922864 0.3416649218811577 0.28829958364717895 0.34222042152595733 0.28986302846080847 0.645278149899852
0 0.39637283868189904 0.6312970433742594 0.3932346228381238 0.3436071918934759 0.29099376408620053 0.34472246892241865 0.29413197992997575 0.6324123204032022
0 0.21722111047412143 0.3946802828123546 0.2152277153843193 0.24183946022583402 0.1285800247684679 0.24296954496427853 0.13057341985827 0.3958103675507991
0 0.22137148123721617 0.43262700073238797 0.19525111855171895 0.43217106804332356 0.19413437214453771 0.4961494181001283 0.22025473483003494 0.4966053507891927
0 0.8088109138001236 0.31357235369607594 0.21593984824128998 0.3059110827529289 0.21567149106391614 0.32667802950114433 0.8085425566227498 0.3343393004442914
0 0.8625417320676864 0.3972030699919777 0.8058965390795771 0.39151632730758684 0.8044810394211825 0.4056160071725564 0.8611262324092918 0.41130274985694726
0 0.6334420766910585 0.4670564040999697 0.6254810428571287 0.46597166919439226 0.622959189862761 0.48447993043788223 0.6309202236966908 0.48556466534345966
0 0.49745162713077445 0.6470007224844586 0.4973604753934228 0.6353480561741718 0.4260571868903329 0.6359058185311187 0.42614833862768453 0.6475584848414055
0 0.42522034514662743 0.6421871844886008 0.42263853008834384 0.6340968980610899 0.400756184724307 0.6410801080225219 0.40333799978259066 0.6491703944500328
0 0.5871831361762524 0.640183783994097 0.5041931331013526 0.6387351831569102 0.5040070081231008 0.649398239618635 0.5869970111980006 0.6508468404558218
0 0.8420076473014314 0.46804786095312656 0.7995472544423332 0.46480742574727085 0.7880889671417202 0.6149487954612072 0.8305493600008184 0.6181892306670629
0 0.8439999439897464 0.4103182693664665 0.8034352873741143 0.40777477497367876 0.800843351397885 0.44911199716043815 0.8414080080135171 0.4516554915532259