0 0.16710180001566047 0.12237407096146777 0.10713282862483324 0.11745103662402512 0.09572122132809234 0.25645927922285794 0.15569019271891957 0.2613823135603006
0 0.20083335092442223 0.29102407791384494 0.09864036505672748 0.27810036053978754 0.030651760625515265 0.8157133623337012 0.13284474649321 0.8286370797077587
0 0.38256475773100895 0.41823476068442156 0.30977049434404785 0.4135132515396535 0.2728705535303403 0.9824211850407073 0.3456648169173014 0.9871426941854753
0 0.22306287346629053 0.6387836906355674 0.1752120859045038 0.6274747607375009 0.14788916640543973 0.7430845689423471 0.19573995396722646 0.7543934988404136
0 0.19335340234440168 0.5323228949712904 0.15243787881523513 0.5256593325026016 0.13664258799061077 0.6226453810947318 0.17755811151977732 0.6293089435634206
0 0.3243689512926297 0.71805703086319 0.18914768119517356 0.5997992954115924 0.09388039909032353 0.7087322361258436 0.2291016691877797 0.8269899715774411
0 0.25401648934898124 0.2866875859362862 0.15092038791277793 0.2612225024468188 0.1408260873913155 0.3020895599186173 0.24392218882751884 0.3275546434080847
0 0.30054247734636685 0.20909923546981457 0.2461847501670763 0.20871428855379334 0.24579802466676492 0.2633231667245199 0.3001557518460555 0.26370811364054114
0 0.29830604712527287 0.2982755542984431 0.24941535602994583 0.27063426043739525 0.22267760495784172 0.3179268052372657 0.27156829605316873 0.34556809909831354
0 0.678344660682572 0.5321678268286468 0.6624375357430956 0.5244593504615487 0.6499919367033412 0.5501419483504141 0.6658990616428176 0.5578504247175121
0 0.770080949601596 0.23870072978835374 0.545130689004926 0.16958872615087695 0.5089562617131663 0.28733161331851254 0.7339065223098363 0.3564436169559893
0 0.5165224844340409 0.5572132978172253 0.49668405112317243 0.5554776595871843 0.4754172877407109 0.7985578474965129 0.49525572105157945 0.8002934857265539
0 0.4889651551486215 0.8090687414152927 0.47066473532348085 0.807379346171399 0.453388452044649 0.9945251536213959 0.47168887186978964 0.9962145488652897