0 0.18133425559848354 0.5096963976864279 0.0018495830272041332 0.5022354409727348 -0.006948807858012544 0.7138941286969207 0.17253586471326685 0.7213550854106139
0 0.37576986365065457 0.49893899476101133 0.2511149962359599 0.4412836220414643 0.12066583562139593 0.723323648039833 0.2453207030360906 0.7809790207593801
0 0.8702693725081125 0.49137739897306404 0.19053191366058225 0.4589315512723256 0.1707163752557299 0.8740652178432705 0.8504538341032601 0.906511065544009
0 0.7333083200232624 0.18466229437928317 0.35980776032922435 0.17996141192869586 0.35501301311736116 0.560919835383553 0.7285135728113992 0.5656207178341403
0 0.2082846547820683 0.8986372249337224 8.326672684688674e-17 0.8370998984374999 -0.0163577688295182 0.892465843428143 0.19192688595255003 0.9540031699243655
0 0.3893788810897966 0.3830490294722733 0.3668598973869903 0.3584321784601689 0.3093076467424607 0.4110797812622786 0.331826630445267 0.43569663227438304
0 0.3676513521277174 0.20109728386382078 0.34338801366429933 0.19450390190197592 0.329051574588342 0.24726132983093446 0.35331491305176005 0.2538547117927793
0 0.0829618817142492 0.3641176026892781 0.07097626868646328 0.32328284503881616 0.05336127763863774 0.3284531087635174 0.06534689066642366 0.36928786641397937
0 0.08991285394653126 0.2562607063260766 0.044878819388406675 0.24707289473132854 0.03863238461991455 0.2776897784504225 0.08366641917803913 0.28687759004517055
0 0.859179954154077 0.8156792080284858 0.7958726894966658 0.5201242656578384 0.7215850840565857 0.5360365189283747 0.7848923487139969 0.831591461299022
0 0.47955455693645177 0.13408623733811342 0.46653848795615127 -0.0034726409943393877 0.42983826757812493 6.938893903907228e-18 0.44285433655842543 0.1375588783324528
0 0.6348384455399566 0.9367799301654294 0.6249051239733697 0.9188959887562695 0.608097495851186 0.9282314909864294 0.6180308174177729 0.9461154323955893
0 0.331200376442077 0.8764273907525258 0.31089418575850425 0.873975646862884 0.2999239369767157 0.9648350406806351 0.32023012766028847 0.967286784570277