0 0.9777765498717528 0.5207495504874915 0.6171642634464893 0.15508943754053714 0.3051809129776876 0.46276595284995997 0.665793199402951 0.8284260657969144
0 0.6870801914953291 0.008828077003742996 0.5403249404019488 -0.10290388883585838 0.4063986354011219 0.07300269591554712 0.5531538864945024 0.1847346617551485
0 0.2527073166668041 0.36966631120994514 0.1575047987068256 0.14096937825416664 0.09214116001264472 0.16817911345387548 0.18734367797262322 0.396876046409654
0 0.15468750000000006 0.35376884375 0.055729166015625047 0.35376884375 0.05572916601562505 0.505527638671875 0.15468750000000006 0.505527638671875
0 0.3466766568779197 0.993941420351114 0.3395113837198002 0.12504032164085424 0.029175133432192767 0.12759946675814998 0.036340406590312284 0.9965005654684097
0 0.44588731276698285 0.7154898498012509 0.3420661993761485 0.6788327723595865 0.23423134196543316 0.9842454167947241 0.3380524553562675 1.0209024942363885
0 0.3939157076460185 0.5622747205907587 0.38785062728444425 0.5135566102395689 0.3409087585788667 0.5194005603429177 0.346973838940441 0.5681186706941075
0 0.713541666015625 0.547738693359375 0.4026041660156251 0.547738693359375 0.4026041660156251 0.98894472265625 0.7135416660156251 0.98894472265625
0 0.8966395296625945 0.9952693337479088 0.8611675085460173 0.6950194903521077 0.6896705869292541 0.7152804248998688 0.7251426080458313 1.01553026829567
0 0.829997548619045 0.20808555259900247 0.759025118635756 0.16420767583715223 0.6797380460871524 0.29245445121276264 0.7507104760704413 0.3363323279746129
0 0.093229166015625 5.7086399874106184e-18 0 0 7.44634490901826e-18 0.121608041015625 0.09322916601562502 0.121608041015625
0 0.5000056563738965 0.4675568009224876 0.4878852674129351 -0.004102961602280788 0.15498268289580153 0.004451740602669576 0.16710307185676296 0.47611150312743794
0 0.977083333984375 1.145873945936994e-16 0.888541666015625 1.0916578108024453e-16 0.888541666015625 0.06231155859375011 0.977083333984375 0.062311558593750115
0 0.9071040320244882 0.09627944821501136 0.9037296148326734 0.047443676759024424 0.8899758364779344 0.04839402493104971 0.8933502536697492 0.09722979638703666
0 0.999479166015625 0.5537688437500002 0.848958333984375 0.5537688437500001 0.848958333984375 0.805025125 0.999479166015625 0.8050251250000001
0 0.81875 9.781228475301409e-17 0.766666666015625 9.462310034036972e-17 0.766666666015625 0.11959799023437509 0.81875 0.1195979902343751
0 0.7535791139154318 0.004602347697623271 0.7343402465097152 -0.00251918078082794 0.7244390686998844 0.024228932018292043 0.743677936105601 0.031350460496743254
0 0.721354166015625 8.550203299435535e-17 0.66875 8.22809568177128e-17 0.66875 0.026130652343750088 0.721354166015625 0.02613065234375009
0 0.855729166015625 1.0463544900317997e-16 0.805729166015625 1.0157383200531159e-16 0.805729166015625 0.038190955078125095 0.855729166015625 0.0381909550781251
0 1.005694719187277 0.4517832028843298 0.9991541244179811 0.42161640817260926 0.8976541248549685 0.44362306723498035 0.9041947196242645 0.4737898619467009
0 0.9994791660156251 0.8834170859375002 0.8822916660156251 0.8834170859375001 0.8822916660156253 0.9989949746093751 0.9994791660156253 0.9989949746093753