0 0.18121356421311843 0.5041334366165917 0.002675185128740428 0.49358776536634746 -0.009815819105348976 0.7050606622707317 0.16872255997902902 0.715606333520976
0 0.3758073039101201 0.4967710443662722 0.2521776477214699 0.43694892310628874 0.11682607335818418 0.7166693384088965 0.24045572954683442 0.77649145966888
0 0.8703634648777331 0.4978408039456414 0.19129578955284535 0.45353684456551613 0.16423818842912732 0.8682614550073056 0.8433058637540151 0.9125654143874308
0 0.7387761878044284 0.18878211444633738 0.3654145576905429 0.17756346244586152 0.35397189743498453 0.5583801849606015 0.72733352754887 0.5695988369610774
0 0.2000079161004458 0.8792539327934028 1.1102230246251565e-16 0.8385165136718749 -0.011750264528245374 0.8962066170854567 0.1882576515722003 0.9369440362069846
0 0.3914368052512986 0.38113623225056203 0.3693508746881929 0.356130122187906 0.31088856132167675 0.4077652861672753 0.33297449188478245 0.4327713962299313
0 0.3728880847623715 0.19883300837267487 0.34874350964479034 0.191817174174922 0.333488506404362 0.24431635834541435 0.3576330815219432 0.25133219254316724
0 0.08539687413400249 0.35685998027185045 0.0741257521656707 0.3158222635661518 0.0564232097266725 0.3206843156245162 0.06769433169500429 0.3617220323302149
0 0.09422914992156053 0.24914082175049257 0.049362323954969166 0.23916845761594274 0.04258250249953225 0.26967166279592303 0.08744932846612363 0.2796440269304729
0 0.8536158889305271 0.8218996826614078 0.7954764094560813 0.5252848900236444 0.7209224101108567 0.5398982229465341 0.7790618895853024 0.8365130155842975
0 0.49032136869056503 0.13231503925003618 0.4750108585675593 -0.004067362700403497 0.438416687273406 0.000040758450342480435 0.4537271973964117 0.13642316040078217
0 0.6271950476847575 0.9390666629223502 0.6175753586653796 0.9210120853310672 0.6006073625958506 0.9300528310724522 0.6102270516152286 0.9481074086637352
0 0.324656522684743 0.8734240985771515 0.30439621352588 0.8706183359047124 0.29184191909647483 0.961272434667108 0.31210222825533784 0.9640781973395471