0 0.25600593478803724 0.2092074708947837 0.23955073710896774 0.16383148361329242 0.1701341948990555 0.18900477443725877 0.186589392578125 0.23438076171875005
0 0.6516844587900545 0.8322242884681372 0.586060109375 0.64703005078125 0.5331322620136748 0.6657852539258466 0.5987566114287294 0.8509794916127339
0 0.64538633203125 0.10108781249999996 0.6314199578547686 0.05859123261801183 0.5602044871516435 0.08199598457113685 0.5741708613281249 0.12449256445312498
0 1.0057519502710501 0.9214974624323795 0.9110800722656249 0.7046799238281252 0.7821454815021279 0.7609783207475785 0.8768173595075531 0.9777958593518329
0 0.5493380072401008 0.7613067339763946 0.5040430638255532 0.6466304242568472 0.46954498233715325 0.660256504942117 0.5148399257517009 0.7749328146616643
0 0.6235992653235455 0.9825149885212965 0.58646565234375 0.8925037695312501 0.446579548669472 0.9502129805982238 0.4837131616492675 1.0402241995882702
0 1 0.6561140371093752 0.90556158203125 0.6561140371093751 0.90556158203125 0.8914513261718751 1 0.8914513261718752
0 0.4747100279997044 0.7147746660372942 0.43204963005588526 0.5952372036974978 0.373735169745517 0.6160484040862745 0.41639556768933617 0.735585866426071
0 0.25225249842501696 0.1751452631222986 0.1804261143034709 0.16750078655782036 0.158403475253454 0.37442228320114673 0.230229859375 0.38206675976562504
0 0.38002879893948904 0.4818152250135611 0.3382313724756209 0.25446450604485105 0.23218968299529139 0.2739598027312381 0.2739871094591595 0.5013105216999482
0 0.9191339432399037 0.6823720694271905 0.8384811425781251 0.54036116796875 0.8176228176563134 0.5522073171360363 0.8982756183180922 0.6942182185944769
0 0.5431501576743711 0.9061097975917485 0.5197525035215087 0.8323995355589887 0.4492369535445751 0.8547831006862692 0.47263460769743754 0.9284933627190288
0 0.6192317753906251 0.8754772265625 0.4219998378906251 0.8754772265625 0.4219998378906251 1 0.6192317753906252 1