0 0.22924273824950145 0.7957450746456444 0.21418626194036203 0.5905187783037359 -0.014962413835321563 0.6073303257008552 0.00009406247381785193 0.8125566220427637
0 0.3787152019561376 0.5269118898790941 0.24428559430796618 0.4987754623411599 0.18062503365028415 0.8029314956661766 0.3150546412984556 0.8310679232041108
0 0.9329656870033296 0.8152777702447802 0.8560557602663181 0.40509155199648966 0.18813123800100265 0.5303274175325275 0.2650411647380141 0.9405136357808181
0 0.74025857763767 0.5026754971021288 0.6440212920647168 0.13023719199589198 0.2820840904525109 0.2237610142061066 0.3783213760254641 0.5961993193123434
0 0.30300245117187513 0.92728758203125 1.1416029399953136e-16 0.92728758203125 1.1858763232403233e-16 0.99959150390625 0.30300245117187513 0.99959150390625
0 0.9487955197114494 0.9542173721678344 0.8940702037615177 0.9457671333900028 0.8862537099612934 0.9963881991473578 0.9409790259112251 1.0048384379251893
0 0.9557108952514771 0.9533297001527239 0.9549199745948154 0.9212973643971897 0.9147995453770158 0.9222879907587721 0.9155904660336776 0.9543203265143063
0 0.9816176464843751 0.9052287578125002 0.9583333339843751 0.9052287578125002 0.9583333339843753 0.9481209140625002 0.9816176464843752 0.9481209140625002
0 0.36590584815784355 0.41093080867052256 0.3384264375360051 0.3920105567568535 0.29419238285906185 0.45625524850212607 0.3216717934809003 0.47517550041579515
0 0.3038049600113564 0.2385301099662686 0.2786803002522607 0.23756377843870435 0.2765791399923562 0.2921940322631842 0.3017037997514519 0.2931603637907485
0 0.06308365359560458 0.46141342410051933 0.042219409385432144 0.42432143439354597 0.026218944715550807 0.43332169577035423 0.047083188925723246 0.47041368547732754
0 0.04595588281250004 0.35539215625 4.3598026294009533e-17 0.35539215625 4.552404350351915e-17 0.386846404296875 0.04595588281250004 0.386846404296875
0 0.9209865662489094 0.7267904613790224 0.7928164669553842 0.4530516082514703 0.7240123251750495 0.4852671070125546 0.8521824244685747 0.7590059601401067
0 0.37440738287828174 0.15645156222140216 0.35459076326341427 0.007827436223382458 0.31478909570078484 0.013134343839017792 0.3346057153156523 0.1617584698370375
0 0.16604402026619314 0.03514355621102519 0.1647868322103285 0.010837880391377376 0.13944683347437167 0.012148567820225487 0.1407040215302363 0.036454243639873304
0 0.381127451171875 2.3337325657241295e-17 0 0 2.551347458358848e-18 0.041666666015625006 0.381127451171875 0.04166666601562503
0 0.7296366502696269 0.8952532384269244 0.7159349083739575 0.8800621732305413 0.7016580895801117 0.8929393009155103 0.7153598314757812 0.9081303661118935
0 0.42995427171009437 0.9957496772759186 0.42020443984157035 0.9047512338417862 0.3998671745507926 0.9069302262483342 0.40961700641931664 0.9979286696824665