0 0.970942027277479 0.22303182598664065 0.9117174381230085 0.21476191990229787 0.8924587519086077 0.35268220183418186 0.9516833410630782 0.3609521079185246
0 0.9416778870989627 0.3815873510078988 0.8394346585730345 0.3698256673431943 0.7775307681619308 0.9079504626001749 0.879773996687859 0.9197121462648794
0 0.7118201352394877 0.4651853242190755 0.6405026408701849 0.4499398057150984 0.5246769691751068 0.9917643875933444 0.5959944635444097 1.0070099060973214
0 0.7914796689734107 0.7068609001890831 0.7418181896529673 0.6994882505985934 0.7245938700311608 0.815509659484004 0.7742553493516042 0.8228823090744937
0 0.832407933237356 0.6095825122653427 0.7933760884901423 0.602279514962388 0.774973558480958 0.7006342951269409 0.8140054032281716 0.7079372924298954
0 0.8248020525321059 0.8276996181706459 0.78542979600993 0.6729303164842861 0.629354398084343 0.7126348349964897 0.6687266546065189 0.8674041366828494
0 0.8981070078197227 0.3836485339276565 0.8937291168166877 0.3443097370452841 0.7860838347311391 0.35628924199482837 0.7904617257341742 0.39562803887720077
0 0.8158741777692831 0.2775281139446917 0.7621401105561441 0.26679017499403757 0.7514441570353176 0.32031414156135374 0.8051782242484566 0.33105208051200785
0 0.8116717102162473 0.3915985016753829 0.800303141951781 0.3382325716452574 0.7455521662938561 0.3498961968076387 0.7569207345583224 0.4032621268377642
0 0.34258246065806774 0.5119941491714014 0.335963516803283 0.4842454381017276 0.31884618075575283 0.48832846329009055 0.32546512461053756 0.5160771743597643
0 0.5378206075598291 0.17217222751936648 0.3043232551701199 0.17177603600250382 0.30411398949085083 0.29510775810067336 0.53761134188056 0.295503949617536
0 0.4893368133041575 0.5545147137451604 0.4698853690661851 0.5514905281528024 0.43239776744039005 0.792609325386052 0.45184921167836245 0.79563351097841
0 0.45417885403204583 0.8053718464201558 0.43594087486407407 0.8025506074031276 0.4072110424853489 0.9882754188281567 0.42544902165332066 0.991096657845185