0 0.8479987532815751 0.21856006448515078 0.7850516884693873 0.17777111103311868 0.7579666543494393 0.2195697661565867 0.8209137191616271 0.2603587196086188
0 0.45943074236173337 0.6679359126195068 0.4063628730468751 0.6423245136718752 0.3217000356906857 0.8177493859262195 0.374767905005544 0.8433607848738514
0 0.449261029506702 0.07163762674974744 0.37774907860948476 0.06632318875685955 0.37407137722778283 0.11581094286648719 0.44558332812500007 0.12112538085937508
0 0.2030322829123697 0.755990937094245 0.07877117968750008 0.6828851484375 -0.037173355177902156 0.8799611403663548 0.08708774804696745 0.9530669290230998
0 0.5119628434924408 0.655795839929537 0.4783966526889108 0.6474809842252027 0.4487686371736792 0.7670861412209878 0.48233482797720917 0.7754009969253222
0 0.5285978855598688 0.9282772271497794 0.3807070375364438 0.8837020290244694 0.35272204249852546 0.9765501782677833 0.5006128905219505 1.0211253763930934
0 0.0946969701962383 0.6396415665863489 0.029772252140695843 0.6066179259813883 -0.06492471805554234 0.7927928593950393 1.1102230246251565e-16 0.8258164999999998
0 0.6183289597777197 0.6207825739892374 0.5582803729086567 0.5983146187856949 0.5139728432068441 0.7167323618401845 0.5740214300759071 0.7392003170437271
0 0.8397585189229855 0.1890353857673815 0.7662959131009518 0.1850887912966975 0.7550059492829603 0.3952421698277325 0.828468555104994 0.3991887642984165
0 0.7657851730690823 0.2806203697208214 0.6494582855710965 0.26640406952224355 0.6218979607453222 0.4919203262580525 0.738224848243308 0.5061366264566304
0 0.16589826219981355 0.5255927881158686 0.15009973262993945 0.517725668485543 0.07693170854955755 0.664659647669908 0.09273023811943165 0.6725267673002338
0 0.5326505675274367 0.8578770771934704 0.46822311139870737 0.8276155933523891 0.434411435922261 0.8996014962855529 0.49883889205099036 0.9298629801266342
0 0.5528149609375002 0.876831146484375 0.3555844453125001 0.876831146484375 0.3555844453125001 1 0.5528149609375003 1