0 0.132848958984375 0.473012962890625 0.03899226954024188 0.12273502942311817 -0.08677928812202773 0.1564354167457114 0.007077401322105367 0.5067133502132182
0 1.0395358320364187 0.8609374273675998 0.8808070489489596 0.26855353590309 0.71667519377355 0.31253253332901965 0.8754039768610093 0.9049164247935295
0 0.6991543560158855 0.28487447122650245 0.6133409981176974 -0.03538534524154063 0.48128108984374995 1.3877787807814457e-17 0.567094447741938 0.3202598164680431
0 0.22539689700940665 0.11660244514269423 0.210737265625 0.061891955078125005 0.15602696123671295 0.07655153671072262 0.1706865926211196 0.13126202677529186
0 0.4907291114001784 0.4276699763687472 0.46949766064531734 0.34843312699652584 0.4449727753179391 0.3550045505099826 0.4662042260728002 0.434241399882204
0 0.31177250137737095 0.06919322632426915 0.3026735234374999 0.03523537890625003 0.27814863823039326 0.041806802198496806 0.28724761617026434 0.07576464961651593
0 0.44430131928874284 0.9939338179503293 0.29674607797091923 0.4432501570198488 0.20618982126127705 0.4675146327245618 0.35374506257910066 1.0181982936550422
0 0.48721731311402144 0.3315526888450957 0.40229226735016826 0.01460810128745807 0.2513661194134511 0.05504864049735035 0.3362911651773043 0.37199322805498797
0 0.2207774217718319 0.4615835685257146 0.18589750493673945 0.3314099468193657 0.14439290899614948 0.3425310697911735 0.179272825831242 0.47270469149752237
0 0.5848789730020113 0.6733926096312458 0.5747688307521058 0.6356610424392655 0.559676591622429 0.6397049954427085 0.5697867338723345 0.6774365626346888
0 0.26958418988655974 0.34942673794572526 0.2397593460913514 0.23811889993193797 0.1888211576784965 0.2517677456891982 0.21864600147370483 0.3630755837029855