0 0.6744305430559524 0.4331852373942021 0.2995381979606569 0.19576898322504416 0.02582669956466216 0.6279733656600854 0.4007190446599577 0.8653896198292435
0 0.4292113927246013 0.014082045224591902 0.23436143909580892 -0.047192086743160416 0.17330056909261185 0.1469797000545418 0.36815052272140425 0.20825383202229414
0 0.8104156773210754 0.07860684603915527 0.7379705313799926 0.06445433105732745 0.6908462534732047 0.30567825448782404 0.7632913994142876 0.31983076946965183
0 0.9319073888945764 0.3879040535238857 0.8870059515359496 0.24412074456367136 0.7922332302734755 0.2737168878006522 0.8371346676321021 0.41750019676086647
0 1.0287174449299683 0.8862122444677999 0.8990921694225621 0.024635851848133272 0.6000926913606277 0.06962070757578795 0.7297179668680338 0.9311971001954545
0 0.8814787069487195 0.8995573067271979 0.6996027669266268 0.6317574089844129 0.6083316767173771 0.6937440470248517 0.7902076167394698 0.9615439447676366
0 0.6654423304802172 0.5261914991214705 0.6586915737157403 0.4775636593373684 0.6118366838923806 0.48406828643633476 0.6185874406568574 0.5326961262204368
0 0.7240002756409527 0.936257049005945 0.5867984828428934 0.5207186595177153 0.29327322095351843 0.6176343553511152 0.43047501375157776 1.0331727448393448
0 0.4069687246093751 0.773904666015625 0.22820369726562512 0.773904666015625 0.22820369726562512 1 0.4069687246093751 1
0 0.27243724355271237 0.34464218350441705 0.16082125579063966 0.24333156680271795 0.10445572942167604 0.3054306251859596 0.21607171718374873 0.4067412418876587
0 0.730771861328125 7.239369171329459e-17 0.40277952734375 5.230995361535286e-17 0.40277952734375 0.43943702539062507 0.730771861328125 0.4394370253906251
0 0.012576013671875023 0.165140107421875 2.0654921975861856e-17 0.165140107421875 2.3698038435454136e-17 0.214837970703125 0.012576013671875027 0.214837970703125
0 0.24187844145065862 0.8849487110074574 0.17684853822148325 0.6422537796368479 0.03145657475411809 0.6812114342577616 0.09648647798329346 0.9239063656283711
0 0.14396449383218918 0.20157828760499097 0.11301025727053159 0.08605549883266192 0.06270162063457319 0.09953565678308131 0.09365585719623079 0.21505844555541034
0 0.16004309756848265 0.09872119309843361 0.14394824961126482 0.07515634718774541 0.1270090169172522 0.08672588495410141 0.14310386487447002 0.1102907308647896
0 0.2143536054788439 0.08595307337899175 0.20759049448360078 0.06071279958885938 0.156778771484375 0.074327759765625 0.16354188247961815 0.09956803355575738
0 0.08741018538450873 0.1273106866787802 0.07310872501817572 0.09095940814513274 0.026138635381548047 0.10943856217872644 0.04044009574788107 0.1457898407123739
0 0.1027942002079544 0.5792962401358284 0.10130418770409973 0.5484645246804383 -0.0005040177886742776 0.5533846368746081 0.0009859947151803945 0.5842163523299982