0 0.9001543763681595 0.4320129010859187 0.5240547716713656 0.42971087214938386 0.5212814062815028 0.8828162220661658 0.8973810109782967 0.8851182510027007
0 0.6356290625000001 0.868643376953125 0.3547329140625001 0.868643376953125 0.3547329140625001 1 0.6356290625000002 1
0 0.5384826843240981 0.4825772047807546 0.020200953721825038 0.379360687896037 0.005398437126512279 0.45368865545239495 0.5236801677287852 0.5569051723371126
0 0.39704462695312503 0.8583946484375 0.0312618937920085 0.4527729361005157 0.020502525390624998 0.46247555078125 0.3862852585517415 0.8680972631182343
0 0.42078976171875015 0.8832376601562502 1.1102230246251565e-16 0.678738955078125 -0.008157742775510735 0.6955248542228587 0.4126320189432393 0.9000235593009839
0 0.8380421406250002 1 0.6279511542968751 0.970994076171875 0.6265676358132282 0.9810149520645003 0.8366586221413532 1.0100208758926252
0 0.30025825195312517 0.919217669921875 1.1102230246251565e-16 0.86820575 -0.0022314193257845782 0.8813399756311986 0.2980268326273404 0.9323518955530736
0 0.955298317890725 0.11726913978854218 0.523450640004057 0.06045025725544151 0.4718406373688568 0.4527082320713318 0.9036883152555247 0.5095271146044325
0 0.4737105099308613 0.33684777116746795 0.4536033185708357 0.21983680798692512 0.19438256877634294 0.26438136243662214 0.21448976013636856 0.38139232561716496
0 0.47278459076391033 0.2824253966009162 0.3372130412165703 0.26778524527474434 0.3191225671112576 0.43530766713106106 0.4546941166585976 0.449947818457233
0 0.3133951816406251 0.14298231640625006 0.14412293709467794 0.1288159051098532 0.12090116694808616 0.4062892237084343 0.2901734114940333 0.4204556350048312
0 0.5553290248941745 0.1443548064404383 0.3776719164994163 0.12486767044245836 0.3677583723372243 0.2152458352985629 0.5454154807319825 0.23473297129654286