0 0.13602941210937503 0.153050109375 0.07598039257812503 0.153050109375 0.07598039257812503 0.29248366015625 0.13602941210937505 0.29248366015625
0 0.17064950976562507 0.31427015234375 0.06678921484375006 0.31427015234375 0.0667892148437501 0.85784313671875 0.1706495097656251 0.85784313671875
0 0.388709411957392 0.9987401653414462 0.3758853101604201 0.4287810574345529 0.3029565447847501 0.4304219574537484 0.315780646581722 1.0003810653606415
0 0.2362124958498446 0.6623922355703307 0.18755815652142704 0.6552968127004124 0.1704152729285288 0.7728480412441805 0.21906961225694635 0.7799434641140988
0 0.1975054349812355 0.6549692869100642 0.19398670931631276 0.5548812447493706 0.15393969428044643 0.5562891497954501 0.15745841994536916 0.6563771919561436
0 0.3383073935138664 0.6879706907753692 0.19067969106901153 0.6262179305753722 0.12856193245968872 0.7747182074021705 0.27618963490454357 0.8364709676021674
0 0.23612904752946584 0.3087142244967097 0.13126256158364413 0.2930332544020864 0.12501827899953033 0.3347918935613582 0.2298847649453521 0.3504728636559815
0 0.28032202523366045 0.2820248485256621 0.27594780176606476 0.2275900683701854 0.22176337173759217 0.23194417441657483 0.22613759520518786 0.28637895457205154
0 0.2814921093246458 0.3166219596334803 0.2303783641968462 0.2933469559126486 0.20786417628826867 0.34278988947009575 0.25897792141606824 0.3660648931909275
0 0.68046961325992 0.5165016546405162 0.6639511802313508 0.5102089118014338 0.6537913315437228 0.536878487282044 0.670309764572292 0.5431712301211264
0 0.7462794778163943 0.2161559448023364 0.5161617129954148 0.16691264314105975 0.4903869108408947 0.2873602910526388 0.7205046756618741 0.3366035927139155
0 0.5222749404283987 0.5556022197183371 0.5024048525451084 0.5554095150407198 0.5000383632026291 0.7994220205560836 0.5199084510859194 0.7996147252337009
0 0.5159442624586338 0.80885439127401 0.4975662412685434 0.8087664112422819 0.4966665299634128 0.9967058005090875 0.5150445511535033 0.9967937805408157