0 0.6279416777343751 0.39954200000000006 0.6087148111016999 0.2500111658777783 0.5462308428226722 0.25804543474167835 0.5654577094553475 0.40757626886390014
0 0.6518814231581403 0.5818917339421885 0.6294686716235307 0.39935450967818753 0.5668619150491911 0.40704165231523703 0.5892746665838008 0.589578876579238
0 0.2672062608093275 0.6301766824348407 0.22607376549924676 0.29517939269720384 0.1062047286518461 0.30989745981891426 0.1473372239619269 0.6448947495565511
0 0.6790472910317746 0.7719805302494744 0.6535249257884072 0.5834323080628928 0.5353679369771518 0.5994263375452454 0.5608903022205193 0.7879745597318271
0 0.8581399211011209 0.862846357563795 0.8132971171267497 0.5665602466355848 0.7565447638005918 0.5751496963648224 0.801387567774963 0.8714358072930326
0 0.2922578126752732 0.9329700666573487 0.2665104098650619 0.6358915075911425 0.1924218733484961 0.6423126623163677 0.2181692761587073 0.9393912213825739
0 0.25462608816728777 0.8243799437502211 0.23144924302717174 0.6356198639080568 0.148228048231611 0.645838151301053 0.17140489337172704 0.8345982311432173
0 0.24088365011043375 0.939796322082279 0.2287933259565551 0.8300226460943883 0.17155591509959267 0.8363266970862285 0.1836462392534713 0.9461003730741193
0 0.4228323209365111 0.6100154244571342 0.38246388742471804 0.28124099542520237 0.27481079728874125 0.2944591359730829 0.3151792308005343 0.6232335650050147
0 0.4603259492404195 0.818885439328695 0.4512866243029019 0.7547996894296373 0.4237587157191979 0.7586825137849786 0.43279804065671545 0.8227682636840363
0 0.9679387719905442 0.2083009426351656 0.9353384048662245 -0.05720774712351691 -0.030441342303907673 0.061375092284093526 0.002159024820411963 0.326883782042776