0 0.9987500000000001 0.8133333339843752 0.07875000000000011 0.8133333339843751 0.07875000000000011 0.9983333339843751 0.9987500000000002 0.9983333339843752
0 0.5875 0.003333333984375068 0.48625 0.003333333984375062 0.48625 0.3500000000000001 0.5875 0.3500000000000001
0 0.5859639071542304 0.3679835755313059 0.5069348338646233 0.3565851516704012 0.4732348750158704 0.5902382031988304 0.5522639483054775 0.6016366270597351
0 0.49875000000000014 0.7883333339843751 0.4440605514684809 0.7723436221257196 0.4141725728634844 0.8745691707833895 0.46886202139500366 0.890558882642045
0 0.30141894798592106 0.00022721939773175277 0.15326756613524148 -0.005017077304947174 0.14914711247861262 0.11138573849481818 0.2972984943292922 0.11663003519749712
0 0.5570304054921404 0.2296407664573823 0.5130608108148341 0.22269819873402125 0.5006554051492879 0.30126576633386026 0.5446249998265942 0.30820833405722137
0 0.6325 0.5566666660156251 0.6029394757131843 0.5558455403409913 0.6013589051296262 0.6127460813490868 0.6309194294164419 0.6135672070237206
0 0.5856046833053749 0.7762681518817619 0.5827536191421318 0.36951632977413396 0.4898726684521584 0.37016736447285514 0.49272373261540153 0.7769191865804831
0 0.789866130466039 0.8830409892412043 0.7845648413731029 0.409459162225012 0.6732541624446609 0.4107051772840115 0.678555451537597 0.8842870043002039
0 0.99875 1.1381561189575714e-16 0.85625 1.0509000345183224e-16 0.85625 0.15166666601562512 0.99875 0.15166666601562512
0 0.3639218095179262 0.5358133270752866 0.2539000896067005 0.5020114730494558 0.1741201041616776 0.761687501661565 0.2841418240729033 0.7954893556873956
0 0.99875 0.7900000000000003 0.97375 0.7900000000000003 0.97375 0.8666666660156253 0.99875 0.8666666660156253
0 0.9937500000000001 0.7883333339843751 0.0750000000000001 0.788333333984375 0.07500000000000011 0.9983333339843751 0.9937500000000002 0.9983333339843752