0 0.5450506699729711 0.7442613354727704 0.5277865038604406 0.24988051122825022 0.38984932747636347 0.2546973856080913 0.407113493588894 0.7490782098526114
0 0.6766102474052453 0.7075065583074523 0.5144137906388133 0.2847019135289517 0.3890064200570593 0.3328107302412455 0.5512028768234913 0.7556153750197462
0 0.7874685352893308 0.47925997160281664 0.6214568970856756 0.265825180848137 0.5248506123763177 0.3409664805803016 0.6908622505799729 0.5544012713349813
0 0.28248305242334215 0.39534468279240537 0.16636220486444292 0.35917978562876557 0.041866609834505436 0.7589191778579913 0.15798745739340467 0.7950840750216311
0 0.3458072238161102 0.4328325564459961 0.26820503757585956 0.41281334873373315 0.20341357433371965 0.6639701012667005 0.28101576057397026 0.6839893089789635
0 0.28610281947087374 0.19794699896394005 0.17254247468829292 0.14115633173918143 0.05620681096813315 0.37378466185346765 0.169767155750714 0.43057532907822627
0 0.2760269949303593 0.22109368013411224 0.16309171881403997 0.16170102864916092 0.0536710207774492 0.3697647610577715 0.16660629689376855 0.4291574125427228
0 0.2031133435032575 0.17557085705162984 0.18840907592313452 0.08012398490040872 0.12078797028092354 0.09054149580481514 0.13549223786104647 0.18598836795603627
0 0.5066713620466399 0.22210990978054737 0.3907432112006157 -0.018776683008442846 0.16420567475517595 0.09024589642726066 0.28013382560120015 0.3311324892162509
0 0.3697279337330676 0.15183043788209244 0.2784324878839821 0.12743068306000505 0.23260265364221247 0.2989100762260592 0.323898099491298 0.3233098310481466
0 0.8762461408944233 0.424167981802718 0.7696859400503745 0.25111866371982405 0.6863734326777102 0.30242078739649625 0.7929336335217589 0.47547010547939017