0 0.9100582030540956 0.8278438254704323 0.0012931403879642527 0.7961091016729474 -0.005163256965325418 0.9809964314887735 0.9036018057008058 1.0127311552862586
0 0.5310750419626368 0.004115757334161857 0.42988671959849434 0.0005821828684196076 0.417788226075773 0.3470376699584496 0.5189765484399155 0.35057124442419185
0 0.5081614163541189 0.5943431641388397 0.5030478017464833 0.35637316729074947 0.4274866513031767 0.3579968619068539 0.4326002659108122 0.5959668587549442
0 0.5710781872521026 0.8790331171134154 0.5475651318402505 0.7754086528899007 0.49118655078125006 0.7882013144531251 0.5146996061931022 0.8918257786766398
0 0.8649721591470768 0.017502213784648904 0.7162706473586503 0.00703272876064568 0.7083076998444507 0.12013307046213344 0.8570092116328772 0.13060255548613667
0 0.506214543905529 0.3014204976100012 0.49685659704234664 0.22251653332833946 0.4525413518958116 0.22777228585085946 0.46189929875899394 0.3066762501325212
0 0.39558480276209945 0.5530549472529523 0.36560307812500004 0.552007962890625 0.3636254409505339 0.608640110733921 0.3936071655876333 0.6096870950962483
0 0.5236548337216846 0.37251258569845264 0.42871745669187256 0.3640956223112 0.3927846082799747 0.7693926659697147 0.48772198530978683 0.7778096293569672
0 0.31943554419486764 0.4027657918081798 0.20833057547636696 0.4007388487015844 0.1997063150534058 0.8734695244642502 0.3108112837719065 0.8754964675708455
0 0.15897380078125 1.1008792935650524e-17 0.015804453125000003 2.2421987684884642e-18 0.01580445312500001 0.13599958984375 0.15897380078125 0.13599958984375
0 0.8070183057721546 0.77927533964831 0.7507596015415546 0.5147800948871528 0.6372654637748151 0.5389205407174427 0.693524168005415 0.8034157854785998
0 0.015079927734375097 0.77376049609375 9.47583314847879e-17 0.77376049609375 9.838859671981123e-17 0.8330472265625 0.0150799277343751 0.8330472265625
0 0.9073075742187501 0.7932617402343751 1.0224422770164206e-16 0.793261740234375 1.149032951058054e-16 1 0.9073075742187502 1