0 0.9691202592389695 0.7095906878576127 0.000630096096209315 0.5169086917926973 -0.03783482040432028 0.7102474261720104 0.9306553427384399 0.902929422236926
0 0.6504921958208493 0.49682164889043745 0.5994806645109622 0.4869060281101606 0.5725030308552829 0.6256941518583662 0.62351456216517 0.6356097726386432
0 0.8756142619978862 0.6459720051359362 0.832145940732303 0.6432725643990107 0.830074282149831 0.6766318893820269 0.8735426034154142 0.6793313301189524
0 0.389653720956933 0.21539362884368646 0.20415971705290625 0.1872937335689101 0.1663448379526411 0.4369186258634852 0.35183884185666786 0.4650185211382616
0 0.0931070356662761 0.40898483828347515 0.05932913197179371 0.4024190784461527 0.041731110287489936 0.4929530450233152 0.07550901398197232 0.49951880486063766
0 0.28817187549451295 0.45784262383790575 0.2589573886865124 0.4529901415908731 0.24039883639611376 0.5647223548091675 0.2696133232041143 0.5695748370562002
0 0.1346005762581737 0.0002843298449967391 0.11822506886122607 -0.003135416810943717 0.10731477450441484 0.049108688942470655 0.12369028190136248 0.05252843559841111
0 0.3360375174001115 0.13998369289789475 0.272515060008124 0.1264601621725114 0.26713345880757206 0.15173851143681127 0.3306559161995596 0.1652620421621946
0 0.32676711292742205 0.0037074640923765306 0.3105675070055819 0.0005585808329841985 0.3088702364398309 0.009290284120457029 0.3250698423616711 0.012439167379849361
0 0.27779612490942945 0.01159752582540862 0.2703565687689562 0.009592181942553714 0.2625717554773254 0.038472792406100374 0.2700113116177987 0.04047813628895528
0 0.48900205527114676 0.1353486871033553 0.48378632723519344 -0.0010028171247054816 0.45432248304641004 0.00012423606808776091 0.45953821108236337 0.13647574029614853
0 0.7401115229381794 0.10085474428705585 0.7148542264582901 0.033425867505908285 0.6974784284990171 0.03993443922743395 0.7227357249789064 0.10736331600858151
0 0.7396682768215117 0.11663099587767012 0.7288703040644043 0.11551045772834814 0.7222278654225414 0.1795197657014797 0.7330258381796487 0.1806403038508017
0 0.8281899299223741 0.08199067289404184 0.7967490592780274 0.0794817444960697 0.7861011173249036 0.212917423986672 0.8175419879692503 0.21542635238464414
0 0.27156253808719816 0.07266442512801638 0.25361702778123774 0.06902574565946877 0.2434705512976127 0.11906689379576163 0.2614160616035731 0.12270557326430923
0 0.4130182038133013 0.4346317961474064 0.40312328355423266 0.43316089988654316 0.3829876666806605 0.5686159476913595 0.3928825869397291 0.5700868439522228
0 0.39107643271919623 0.5708743741255744 0.38487231835937513 0.569668412109375 0.38120977381461596 0.5885105024060804 0.38741388817443706 0.5897164644222797
0 0.09243994979440039 0.06815764457737772 0.07224388402442614 0.0675642684792172 0.07080549302306027 0.11652114314366557 0.09100155879303452 0.11711451924182609
0 0.10460322912320258 0.03572269202794144 0.08433190138911639 0.03073774037267741 0.06329012636472503 0.1163042106464508 0.08356145409881122 0.12128916230171483
0 0.07671819118149863 0.23102507129346264 0.052823264217560784 0.22740530758812044 0.04731874224795059 0.2637419751559813 0.07121366921188843 0.2673617388613235
0 0.251959679474986 0.4510582948725157 0.23336130988373704 0.4500851343235376 0.2311951192415012 0.4914838677716933 0.24979348883275015 0.4924570283206714
0 0.1689081284281423 0.40178043071985303 0.1113478296697623 0.3905918162171213 0.08276214842569345 0.5376520578778466 0.14032244718407344 0.5488406723805784
0 0.114529475757561 0.3930511620946396 0.093732091550079 0.3897740714054348 0.08952389031848701 0.4164805577788879 0.11032127452596902 0.4197576484680927
0 0.03855786275854413 0.37310440687767 0.016154152343750033 0.36874956640625 0.001146702224709445 0.44595619859818053 0.02355041263950354 0.4503110390696005
0 0.5729866775991829 0.5090815909873707 0.5251955087051161 0.4975174288732779 0.49758375885061856 0.6116284027369933 0.5453749277446853 0.6231925648510861