0 0.6584449910989412 0.3779817621690951 0.23877760360165604 0.339426177718084 0.2146800187603593 0.6017220453424165 0.6343474062576444 0.6402776297934277
0 0.4943172264220636 0.640780174390665 0.4844639434274076 0.5618602753030012 0.4310295223302114 0.5685316532293903 0.4408828053248674 0.6474515523170541
0 0.36653456980906574 0.8650567345417902 0.1948903426766066 0.5983251932201151 0.04150213505973954 0.6970319311528399 0.21314636219219868 0.963763472474515
0 0.63683881640625 0.8888976425781251 0.6364714310083437 0.8198208010326463 0.3624661447665483 0.8212780990049062 0.3628335301644546 0.890354940550385
0 0.6651692006219679 0.483736274630759 0.5694992205194048 0.43220793050756573 0.5412055320527263 0.4847393413008903 0.6368755121552894 0.5362676854240835
0 0.440292619140625 0.47043726757812493 0.4398493521446818 0.4434517771116833 0.4230302920884886 0.44372804906734664 0.4234735590844318 0.47071353953378825
0 0.49948597460937516 0.5058753281250001 0.4659262250684447 0.5029392317034667 0.4652408589767189 0.5107730052176724 0.49880060851764935 0.5137091016392059
0 0.5990472120755306 0.2558547215809148 0.5385060382792707 0.18311926163982645 0.49645479694380423 0.21812050466628044 0.5569959707400641 0.29085596460736884
0 0.5489101035953747 0.0004778783738372816 0.46843519731175576 -0.0009422739463165741 0.4635595577674113 0.2753426215790613 0.5440344640510303 0.27676277389921516
0 0.6583875470214057 0.011947196228607113 0.6000995602724855 0.006847657226904315 0.5777109248476336 0.262750883878258 0.6359989115965539 0.2678504228799608
0 0.5693540747036485 0.328168141112594 0.5431770123968601 0.31187479526219725 0.5189801328942415 0.3507497585868404 0.5451571952010299 0.36704310443723714