0 0.84900936328125 8.180128694415281e-17 0.060567197265625 3.352312819796075e-17 0.060567197265625025 0.4010943222656251 0.84900936328125 0.40109432226562514
0 0.8535862171358284 0.3473313564677036 0.7636164927095324 0.2799443031584435 0.727016213429539 0.32881002556411465 0.8169859378558351 0.39619707887337474
0 0.7917322846740796 0.5794072227867302 0.4950898520011922 0.38049963647357204 0.24497372097680037 0.7535123452045216 0.5416161536496878 0.9524199315176798
0 0.34834054724849045 0.5923885492360207 0.21896730341294637 0.5807916086438425 0.19789953021567036 0.8158196436034658 0.32727277405121447 0.827416584195644
0 0.16598412695312506 0.530509666015625 0.001890673828125065 0.530509666015625 0.0018906738281250937 1 0.1659841269531251 1
0 0.42101614835554496 0.9650993058258172 0.40598186481483434 0.6942354107539884 0.3512792077417677 0.69727167831061 0.3663134912824783 0.9681355733824387
0 0.35961161434006916 0.7411188289129486 0.3047534928519181 0.7372528165921054 0.2926694391611506 0.9087236838377867 0.3475275606493017 0.9125896961586298
0 0.9317844881931959 0.9765890197705177 0.9294823203301544 0.9326610336185882 0.8485387149494584 0.9369031075980705 0.8508408828124999 0.98083109375
0 0.97667678125 1.143536543676474e-16 0.890860119140625 1.0909889933935961e-16 0.890860119140625 0.06431537890625011 0.97667678125 0.06431537890625011
0 0.3384465742187501 1.0000000000000002 0.3366227710917424 0.9651997740283761 0.3034651501574114 0.966937491846458 0.3052889532844191 1.0017377178180822
0 0.8291027355796459 0.620748757294842 0.797399127746209 0.614276113169543 0.7846617321296515 0.6766650515430122 0.8163653399630884 0.6831376956683112
0 0.2422895045934018 0.8946444417499295 0.22236487109375005 0.8375735781250001 0.20399744332532949 0.8439860317549683 0.22392207682498122 0.9010568953798977
0 0.22040553927811007 0.6610790368321198 0.173079388451719 0.6524102284678036 0.16128474430937673 0.7168014439804025 0.2086108951357678 0.7254702523447186
0 0.3394894883399872 0.7468297268622797 0.30646817262638937 0.7455478337212167 0.3028637721041425 0.8383964837301201 0.33588508781774035 0.8396783768711831
0 0.4616604521787013 0.6961173055105386 0.3388639875284783 0.6960397765686818 0.33867668338385154 0.992706882085804 0.4614731480340745 0.9927844110276609