0 0.9140625 6.392321427190042e-17 0.123046875 1.5487476610310765e-17 0.12304687500000003 0.40029325585937503 0.9140625 0.4002932558593751
0 0.26252162305015136 0.3368556593435411 0.2220948775301035 0.29255994932788587 0.13852815969991966 0.36882761575591017 0.17895490521996749 0.4131233257715654
0 0.7391248204391159 0.8120576704086249 0.537133632889888 0.4186095069679086 0.21678228191456214 0.583073738419978 0.41877346946379 0.9765219018606942
0 0.8156768571332443 0.8007567818782074 0.7857267365703153 0.5669174897881409 0.6565729007600647 0.5834595042593097 0.6865230213229937 0.8172987963493762
0 0.9990234375 0.5043988261718753 0.8427734375 0.5043988261718751 0.8427734375000001 0.9985337246093751 0.9990234375000001 0.9985337246093752
0 0.658203125 0.689149560546875 0.603515625 0.689149560546875 0.6035156250000001 0.960410556640625 0.6582031250000001 0.960410556640625
0 0.712890625 0.733137830078125 0.6533203125 0.733137830078125 0.6533203125 0.90175953125 0.712890625 0.90175953125
0 0.1748046875000001 0.954545455078125 0.09375000000000011 0.954545455078125 0.09375000000000011 0.998533724609375 0.1748046875000001 0.998533724609375
0 0.08984375 5.501343043044751e-18 0 0 5.387009348147635e-18 0.0879765390625 0.08984375 0.0879765390625
0 0.7207031250000002 0.95601173046875 0.6875000000000002 0.95601173046875 0.6875000000000002 0.998533724609375 0.7207031250000002 0.998533724609375
0 0.22389359373666856 0.6920054384718909 0.20910790214424121 0.6298448355625706 0.17794684617628115 0.6372568898489287 0.1927325377687085 0.6994174927582489
0 0.8136777858910709 0.8281325246019813 0.794921875 0.8225806445312502 0.7777736036186504 0.8805126325905919 0.7965295145097213 0.8860645126613231
0 0.8496877271285552 0.6986373014246444 0.8343008602353198 0.6351044317960179 0.7875071810642579 0.646437275992394 0.8028940479574933 0.7099701456210203
0 0.7147542185290396 0.8275047486507736 0.705958315321103 0.7350574838169124 0.6729148106494429 0.7382014109981573 0.6817107138573797 0.8306486758320185
0 0.6895908264758942 0.9754196064650552 0.6485725357210899 0.685078163125158 0.5281365819750714 0.702092878321373 0.5691548727298759 0.9924343216612702