0 0.749790888671875 7.303934870712139e-17 6.262968707002174e-18 2.712789811502832e-17 3.110520804147405e-17 0.40570455664062505 0.749790888671875 0.4057045566406251
0 0.8217038166476905 0.28825113624744525 0.7213992964596277 0.2375109194303577 0.693840499963993 0.2919898324673278 0.7941450201520558 0.3427300492844153
0 0.8010891358078135 0.5275420703096129 0.47441342900408545 0.3831677509322807 0.29287009652629864 0.7939457667765353 0.6195458033300267 0.9383200861538674
0 0.3867521799490346 0.8524361585045451 0.36668769869363693 0.6173203466846128 0.23726613774239214 0.628365016388662 0.2573306189977898 0.8634808282085944
0 0.2477337783783028 0.997647502196781 0.17688530744538222 0.588469523535504 0.014756021484374993 0.61654193359375 0.08560449241729556 1.0257199122550271
0 0.5056177815406471 0.9702047123234679 0.4357413359001939 0.7080189418741532 0.3818820180361532 0.7223732590077983 0.4517584636766063 0.984559029457113
0 0.4214894082518746 0.9327980930848594 0.4036142745292475 0.7618338782646118 0.3489182455306814 0.7675526120562068 0.36679337925330857 0.9385168268764544
0 1.0044418072707049 0.8951876412540596 0.9945465997588253 0.8523267893673152 0.9191110581131203 0.8697424567070056 0.9290062656249998 0.9126033085937499
0 0.844829906584342 0.6250141810640808 0.8444054033501807 0.5609913347056534 0.8123174135622175 0.5612040939973361 0.8127419167963789 0.6252269403557634
0 0.31473399420368514 0.933399864256575 0.285201810546875 0.8806559101562501 0.2682269336853065 0.8901604152616891 0.2977591173421167 0.9429043693620139
0 0.2526242884649147 0.707182952905954 0.20451180472602828 0.706863943298886 0.20407776528364405 0.772325030209961 0.2521902490225305 0.772644039817029
0 0.3973628943023899 0.8630161536548189 0.384789534306642 0.7709521872502861 0.3520472881442833 0.7754238612846178 0.36462064814003126 0.8674878276891506
0 0.5454172482336735 0.9939038292560874 0.5081015030162124 0.7011821886522229 0.3867987425863566 0.7166456948454697 0.4241144878038177 1.0093673354493342