0 0.33928571484375 0.06694560742187503 0.14330104359592116 -0.009093902071039286 0.03438044072819613 0.2716386892818231 0.23036511197602494 0.34767819877473743
0 0.6306896023498656 0.21002014267342337 0.40442979757577685 0.011214471743081517 0.2797768176352106 0.1530814455264557 0.5060366224092994 0.35188711645679754
0 0.48704732924735084 0.34032012592704985 0.44966505901388104 0.22618609738637824 0.22504855353391895 0.29975464669730917 0.2624308237673888 0.4138886752379808
0 0.36764537840002626 0.5213105266045696 0.3542012192280962 0.4524572230986095 0.2293323815859928 0.47683886411499155 0.24277654075792282 0.5456921676209516
0 0.3914704183060425 0.6029370413385174 0.32281128005433435 0.589530793051606 0.311662463914584 0.6466286546083939 0.3803216021662922 0.6600349028953053
0 0.7603838434201026 0.6720608817358039 0.7262719133540404 0.48023481578217025 0.4636443369120226 0.5269371941918642 0.4977562669780848 0.718763260145498
0 0.6638317610515339 0.5047551748470422 0.6506763250635531 0.42802296978036913 0.4526408589287516 0.46197537471676564 0.4657962949167323 0.5387075797834388
0 0.896428572265625 0.50906555078125 0.78571428515625 0.50906555078125 0.78571428515625 0.591352859375 0.896428572265625 0.591352859375
0 1.0138225304584785 0.1863154272945679 0.978603927576345 0.16872939518240032 0.8933528248522415 0.3394572042159575 0.928571427734375 0.35704323632812507
0 0.91071428515625 0.43654114453125004 0.894374994608163 0.4344491316505652 0.8872321371862881 0.49023713555681525 0.9035714277343749 0.4923291484375001
0 0.99821428515625 0.34728033398437513 0.93928571484375 0.34728033398437513 0.93928571484375 0.4588563457031251 0.99821428515625 0.4588563457031251