0 0.7796164194956525 0.2887932421033107 0.7339483623115802 0.2763312877879418 0.7204068456064318 0.3259555075210473 0.766074902790504 0.33841746183641624
0 0.2346203358244788 0.33466842609974967 0.17623864972577546 0.33437081284837183 0.17544838030754675 0.4893950293267472 0.2338300664062501 0.48969264257812506
0 0.7865466896928326 0.49636329236397714 0.5341502219682808 0.443102693014658 0.513794155749495 0.5395679839268278 0.7661906234740469 0.592828583276147
0 0.7087748016850457 0.346094715779674 0.5355462231680792 0.3112898452941052 0.5120657957568184 0.4281551289936961 0.6852943742737849 0.4629599994792649
0 0.8172646781001364 0.48563994792229126 0.6175023165928023 0.43470354706519165 0.60422490534523 0.4867748944884245 0.803987266852564 0.5377112953455241
0 0.8964330996216111 0.5471159458103736 0.8729300996236058 0.500445876623934 0.816842766196862 0.5286914014409384 0.8403457661948673 0.575361470627378
0 0.9166838367405201 0.38330172335151147 0.5485894536145574 0.27073914684992595 0.48428973636510286 0.48100765252666305 0.8523841194910656 0.5935702290282485
0 0.6439253825338047 0.5640268272422783 0.5481541172494783 0.4566485358719278 0.49777106484690253 0.5015854464513557 0.5935423301312289 0.6089637378217062
0 0.5311812925118302 0.3147267748664234 0.11535668849637418 0.24770467840419164 0.08233205881822005 0.45259909805896964 0.4981566628336761 0.5196211945212015
0 0.7795132890625001 0.35248917382812517 0.7255513044337931 0.33772330963974284 0.693453685929763 0.45502434764436867 0.7474156705584699 0.46979021183275094
0 0.2904816213490763 0.5192755145940767 0.2363464189578165 0.5158165009216494 0.23080318095266886 0.6025708013465495 0.2849383833439287 0.6060298150189767
0 0.5544721600506113 0.6173286048475781 0.534410590643622 0.5304323869429655 0.464744353993734 0.5465161023862504 0.48480592340072337 0.6334123202908631
0 0.9577618752499909 0.29682828936867256 0.753174232888469 0.2098719723590222 0.7095970608965061 0.3123987488510487 0.914184703258028 0.3993550658606991