0 0.5063378342852504 0.9967432674821792 0.5022522642481416 0.761414409811825 0.13376975795250812 0.7678116749063975 0.1378553279896169 1.0031405325767517
0 0.7054939739122569 0.5329883660372541 0.6637731484366537 0.5312500000203098 0.6610922585209654 0.5955914213329185 0.7028130839965686 0.5973297873498629
0 0.16389323741455686 0.562182382849493 0.1469225010293763 0.5093845339607732 0.11364402807005226 0.520081185505884 0.13061476445523285 0.5728790343946037
0 0.6028986747990113 0.8284778614513428 0.5660188586637382 0.8129883354881121 0.5523020441909127 0.84564741084783 0.5891818603261857 0.8611369368110606
0 0.8877080225772115 0.9456057574192103 0.883954263203922 0.9230832349632674 0.8605167641540927 0.9269894906642822 0.8642705235273822 0.949512013120225
0 0.9188003131065152 0.87902123364898 0.900339896257299 0.8751533360167786 0.8926187584167194 0.9120042138426823 0.9110791752659356 0.9158721114748837
0 0.9072530347933057 0.4267982486754603 0.877909033256021 0.4153866929296274 0.8619062475479703 0.4565367147914016 0.891250249085255 0.46794827053723453
0 0.6596084502243934 0.41048015735985405 0.6454477842049611 0.4098611114455106 0.6441147968711928 0.4403531767419066 0.6582754628906251 0.4409722226562501
0 0.7274570876731181 0.165997621594685 0.723723314732308 0.1379942993356152 0.7055282641380616 0.14042030389810828 0.7092620370788717 0.16842362615717815
0 0.42592592578125 0.07769097265625005 0.409143517578125 0.07769097265625005 0.409143517578125 0.10026041601562506 0.42592592578125 0.10026041601562506
0 0.4229190161082763 0.14157589554615646 0.4087613384117772 0.1331861619257938 0.39787348498331787 0.15155941745713994 0.412031162679817 0.15994915107750263
0 0.808269709353502 0.7123489298089287 0.8011091287377751 0.6863918301117016 0.7882209809430379 0.6899471819171068 0.7953815615587648 0.715904281614334
0 0.8494911679983782 0.693555217967279 0.8367720374672354 0.6921419794750505 0.8330545671231318 0.7255991707504913 0.8457736976542746 0.7270124092427199
0 0.9997106484375001 7.994222167744913e-17 4.2522463619034946e-19 1.8727599393323654e-17 6.163098808369472e-17 0.99956597265625 0.9997106484375002 0.9995659726562501