0 0.47457440277028856 0.13496208035425628 0.32472333055761976 0.10552215755768947 0.3078191842737826 0.1915653331114039 0.4576702564864514 0.2210052559079707
0 0.29771202209581477 0.19110567677797183 0.29131794298161745 0.15491522921473008 0.2181870488313559 0.16783589625184353 0.22458112794555318 0.20402634381508528
0 0.3387436538766491 0.2758657754751633 0.27014103701217684 0.2587463855787683 0.2435675503647035 0.3652344516992597 0.3121701672291758 0.3823538415956547
0 0.3041866047919876 0.42932058182340765 0.3026379631053296 0.3861680702213404 0.277780996607481 0.3870601280203721 0.27932963829413904 0.43021263962243933
0 0.3044613531468851 0.2314490609693213 0.2510749027623733 0.22713717771492645 0.2495816348494967 0.24562568230519266 0.3029680852340085 0.24993756555958752
0 0.4329033710669709 0.5144012387178885 0.32709268204448555 0.5077706802557855 0.3212409746466409 0.6011524361460029 0.4270516636691263 0.6077829946081058
0 0.25521272789816185 0.1892618145144061 0.24821852734374997 0.17194244531250003 0.22484251196881186 0.18138254314685648 0.23183671252322374 0.1987019123487625
0 0.491377488930838 0.2036439119170629 0.4847741017147 0.1600396051992378 0.37932357512549314 0.17600891446312145 0.38592696234163115 0.21961322118094656
0 0.6176555429064721 0.22271711656580245 0.6173823918900778 0.21625384016278507 0.5592913715362019 0.21870888312607753 0.5595645225525961 0.22517215952909492
0 0.6286105725622451 0.15286910828633637 0.5483935395765215 0.14589938228840227 0.5429963562108738 0.20801746787748943 0.6232133891965974 0.21498719387542353
0 0.2971261450173255 0.17195513738150373 0.26354856523347414 0.16691596208089776 0.26064436809823277 0.18626752363599464 0.2942219478820841 0.1913066989366006
0 0.7643837260724143 0.23593148450403095 0.6521353912552376 0.22787482896480654 0.6435698721026526 0.34721284174707545 0.7558182069198294 0.35526949728629986
0 0.516734417824658 0.32670024310981455 0.4248807828824049 0.29540227212981574 0.4056627377993697 0.3518036055737304 0.49751637274162286 0.38310157655372923
0 0.5118764843750001 0.31007194335937505 0.511398388235365 0.30119281062370595 0.44863498938705637 0.3045723004447342 0.44911308552669144 0.3134514331804033
0 0.567695962890625 0.3230215820312501 0.5475059375 0.3230215820312501 0.5475059375 0.3446043164062501 0.567695962890625 0.3446043164062501
0 0.5786417940413642 0.3613254151226225 0.5776895035185293 0.2913682865340772 0.3584264806205554 0.2943530016435542 0.3593787711433902 0.3643101302320995
0 0.7053946293216224 0.4687953902065138 0.6419901033935596 0.46342768892337677 0.6346645828002604 0.5499584282276615 0.6980691087283233 0.5553261295107985
0 0.7402544415540031 0.6187211061374611 0.322364865408421 0.53738767973581 0.30425813773579313 0.630419697287014 0.7221477138813752 0.711753123688665
0 0.36702716758685905 0.6619037483818642 0.19954991969142122 0.6609730129923581 0.19841702008509046 0.864827846868166 0.3658942679805283 0.8657585822576721
0 0.4050894216902816 0.9020363304093193 0.4048420216234779 0.8777356027406108 0.2349599824047825 0.8794651323425403 0.23520738247158623 0.9037658600112488