0 0.7172048554242921 0.3497434042413696 0.6100796354703866 0.3450579889168555 0.5968220668729581 0.6481730499495294 0.7039472868268637 0.6528584652740436
0 0.7146361065156498 0.35217071533558786 0.6128093566033075 0.3468305786038932 0.5977313144268559 0.6343415744847136 0.6995580643391982 0.6396817112164083
0 0.8740660855123186 0.25268495524832113 0.7879040370077258 0.2521376741214811 0.786926360190137 0.4060597321783531 0.8730884086947297 0.40660701330519317
0 0.806396833641573 0.5066824419055691 0.8062593311170797 0.44279106941735785 0.7797948619241808 0.44284802438923715 0.7799323644486741 0.5067393968774484
0 0.7906607140509027 0.31594287263649534 0.19788343683336398 0.3029085744781042 0.1974268745260212 0.3236722364826117 0.7902041517435598 0.3367065346410028
0 0.1986536215790294 0.395222565805131 0.1986213372912147 0.38106887522499217 0.14169552613146397 0.38119872187249104 0.14172781041927868 0.39535241245262986
0 0.3765904474480697 0.46208753903781075 0.36827111943935176 0.4613471640619576 0.36660240399324795 0.48009792091101766 0.3749217320019659 0.4808382958868708
0 0.5691679831773835 0.6389649331327593 0.4980030950282444 0.6353484777715578 0.4974118146284828 0.6469837391839464 0.568576702777622 0.6506001945451478
0 0.5939369430357924 0.6443074485611101 0.5715727750472885 0.6385966970954046 0.5697186013334502 0.6458579222888257 0.592082769321954 0.6515686737545312
0 0.4909676350043796 0.6385043325113914 0.40797763048054414 0.6370557316489127 0.40779150549663046 0.6477187884350063 0.49078151002046594 0.649167389297485
0 0.2079983073046083 0.6048408651782691 0.20186599961296076 0.45437684332762796 0.15933400268650486 0.45611027626850825 0.1654663103781524 0.6065742981191494
0 0.20116268405281718 0.43852415275745765 0.1997450731879472 0.39706588914628865 0.15923027685510568 0.39845123938690885 0.16064788771997565 0.43990950299807785